Parameters: Seed, ID, RCL, PERT, IDSEQ, Cost, ExecutionTime, LongestRoute, ShortestRoute, TransportCost, Profit, ObjectiveFunction
---------------------------------------------------------------------------
129, 40, 0.2855, 1, 20, .
.
1024.27, 23.652062405, 10, 7, 465, 1489.27, .
.
1024.27
129, 275, 0.2817, 1, 20, .
.
1024.27, 23.365653127, 10, 7, 465, 1489.27, .
.
1024.27
129, 113, 0.8052, 2, 4, .
.
1029.27, 19.059337931, 11, 7, 460, 1489.27, .
.
1029.27
129, 199, 0.2752, 1, 21, .
.
1029.27, 17.314069673, 10, 8, 460, 1489.27, .
.
1029.27
129, 253, 0.2739, 1, 21, .
.
1029.27, 17.417079479, 10, 8, 460, 1489.27, .
.
1029.27
129, 213, 0.4841, 1, 16, .
.
1024.27, 19.918509705, 10, 7, 465, 1489.27, .
.
1024.27
129, 220, 0.5443, 1, 16, .
.
1030.27, 17.198398950, 10, 8, 459, 1489.27, .
.
1030.27
137, 114, 0.8220, 1, 19, .
.
1024.27, 17.723286575, 10, 7, 465, 1489.27, .
.
1024.27
137, 258, 0.6873, 2, 22, .
.
1030.27, 17.764970537, 10, 8, 459, 1489.27, .
.
1030.27
137, 186, 0.7236, 1, 23, .
.
1030.27, 18.340443234, 11, 7, 459, 1489.27, .
.
1030.27
279, 196, 0.7532, 1, 9, .
.
1030.27, 16.411898697, 10, 8, 459, 1489.27, .
.
1030.27
279, 212, 0.7530, 1, 9, .
.
1030.27, 16.761651356, 10, 8, 459, 1489.27, .
.
1030.27
279, 242, 0.7569, 1, 9, .
.
1030.27, 16.776446962, 10, 8, 459, 1489.27, .
.
1030.27
279, 267, 0.5866, 1, 4, .
.
1030.27, 17.856618792, 11, 7, 459, 1489.27, .
.
1030.27
279, 208, 0.8222, 1, 19, .
.
1030.27, 31.445951647, 10, 8, 459, 1489.27, .
.
1030.27
279, 246, 0.8228, 1, 19, .
.
1030.27, 30.801271583, 10, 8, 459, 1489.27, .
.
1030.27
672, 105, 0.8465, 4, 0, .
.
1023.27, 27.203917348, 10, 7, 466, 1489.27, .
.
1023.27
672, 144, 0.8355, 4, 1, .
.
1030.27, 37.256627658, 10, 8, 459, 1489.27, .
.
1030.27
672, 215, 0.8359, 4, 1, .
.
1030.27, 37.201451139, 10, 8, 459, 1489.27, .
.
1030.27
195, 95, 0.9024, 4, 3, .
.
1024.27, 20.415171813, 10, 7, 465, 1489.27, .
.
1024.27
195, 106, 0.6149, 2, 20, .
.
1024.27, 17.019035669, 10, 7, 465, 1489.27, .
.
1024.27
195, 248, 0.6141, 2, 20, .
.
1024.27, 17.011211493, 10, 7, 465, 1489.27, .
.
1024.27
666, 43, 0.4310, 1, 2, .
.
1024.27, 17.295372270, 10, 7, 465, 1489.27, .
.
1024.27
666, 218, 0.6685, 1, 3, .
.
1020.27, 19.698662986, 12, 6, 469, 1489.27, .
.
1020.27
666, 220, 0.6689, 1, 3, .
.
1020.27, 19.768201036, 12, 6, 469, 1489.27, .
.
1020.27
429, 67, 0.6876, 2, 6, .
.
1024.27, 20.955611323, 10, 7, 465, 1489.27, .
.
1024.27
429, 236, 0.6877, 2, 6, .
.
1024.27, 20.498734314, 10, 7, 465, 1489.27, .
.
1024.27
429, 255, 0.6883, 2, 6, .
.
1024.27, 21.022740711, 10, 7, 465, 1489.27, .
.
1024.27
429, 223, 0.6890, 2, 6, .
.
1024.27, 20.978716172, 10, 7, 465, 1489.27, .
.
1024.27
762, 278, 0.4434, 1, 8, .
.
1024.27, 21.702693308, 10, 7, 465, 1489.27, .
.
1024.27
762, 294, 0.4443, 1, 8, .
.
1024.27, 22.317917797, 10, 7, 465, 1489.27, .
.
1024.27
762, 283, 0.9371, 3, 22, .
.
1030.27, 17.741617586, 11, 7, 459, 1489.27, .
.
1030.27
762, 228, 0.4170, 1, 7, .
.
1020.27, 17.026529163, 12, 6, 469, 1489.27, .
.
1020.27
821, 62, 0.2212, 1, 21, .
.
1029.27, 18.742486144, 11, 7, 460, 1489.27, .
.
1029.27
821, 265, 0.2217, 1, 21, .
.
1029.27, 18.827168024, 11, 7, 460, 1489.27, .
.
1029.27
821, 127, 0.2706, 2, 22, .
.
1030.27, 33.750742925, 10, 8, 459, 1489.27, .
.
1030.27
483, 221, 0.2588, 1, 14, .
.
1024.27, 17.621939146, 10, 7, 465, 1489.27, .
.
1024.27
483, 184, 0.7749, 2, 18, .
.
1024.27, 21.630004725, 10, 7, 465, 1489.27, .
.
1024.27
483, 209, 0.3121, 1, 14, .
.
1020.27, 21.551121110, 12, 6, 469, 1489.27, .
.
1020.27
483, 230, 0.6377, 1, 18, .
.
1030.27, 31.026959572, 10, 8, 459, 1489.27, .
.
1030.27
483, 239, 0.6373, 1, 18, .
.
1030.27, 31.027849709, 10, 8, 459, 1489.27, .
.
1030.27
483, 272, 0.6364, 1, 18, .
.
1030.27, 31.016725474, 10, 8, 459, 1489.27, .
.
1030.27
483, 141, 0.2791, 1, 14, .
.
1020.27, 16.925111062, 12, 6, 469, 1489.27, .
.
1020.27
999, 127, 0.7649, 4, 3, .
.
1030.27, 26.403552040, 10, 8, 459, 1489.27, .
.
1030.27
999, 209, 0.7662, 4, 3, .
.
1030.27, 25.855701078, 10, 8, 459, 1489.27, .
.
1030.27
999, 22, 0.8767, 3, 1, .
.
1029.27, 26.588753560, 10, 8, 460, 1489.27, .
.
1029.27
999, 185, 0.7648, 4, 3, .
.
1030.27, 26.428994508, 10, 8, 459, 1489.27, .
.
1030.27
999, 255, 0.7661, 4, 3, .
.
1030.27, 26.780113715, 10, 8, 459, 1489.27, .
.
1030.27
729, 230, 0.2255, 1, 2, .
.
1020.27, 18.999669901, 12, 7, 469, 1489.27, .
.
1020.27
729, 248, 0.2247, 1, 2, .
.
1020.27, 18.705863539, 12, 7, 469, 1489.27, .
.
1020.27
729, 41, 0.5641, 3, 14, .
.
1029.27, 19.916936545, 10, 8, 460, 1489.27, .
.
1029.27
318, 31, 0.7503, 2, 5, .
.
1024.27, 20.331656439, 10, 7, 465, 1489.27, .
.
1024.27
318, 47, 0.9378, 1, 19, .
.
1020.27, 16.519681999, 12, 7, 469, 1489.27, .
.
1020.27
318, 265, 0.7082, 2, 4, .
.
1030.27, 17.915451357, 11, 7, 459, 1489.27, .
.
1030.27
349, 164, 0.9027, 1, 5, .
.
1030.27, 18.521025418, 10, 8, 459, 1489.27, .
.
1030.27
349, 171, 0.8501, 1, 3, .
.
1030.27, 18.014560141, 10, 8, 459, 1489.27, .
.
1030.27
349, 157, 0.9024, 1, 2, .
.
1030.27, 16.898044905, 10, 8, 459, 1489.27, .
.
1030.27
287, 200, 0.2868, 2, 2, .
.
1030.27, 19.467582819, 10, 8, 459, 1489.27, .
.
1030.27
287, 245, 0.2899, 2, 2, .
.
1030.27, 19.590924430, 10, 8, 459, 1489.27, .
.
1030.27
287, 261, 0.2896, 2, 2, .
.
1030.27, 19.547769111, 10, 8, 459, 1489.27, .
.
1030.27
241, 187, 0.5697, 1, 23, .
.
1030.27, 16.647833299, 10, 8, 459, 1489.27, .
.
1030.27
241, 216, 0.5676, 1, 23, .
.
1030.27, 16.647424219, 10, 8, 459, 1489.27, .
.
1030.27
241, 278, 0.5693, 1, 23, .
.
1030.27, 16.652755089, 10, 8, 459, 1489.27, .
.
1030.27
241, 190, 0.3965, 1, 13, .
.
1024.27, 18.323465638, 10, 7, 465, 1489.27, .
.
1024.27
241, 236, 0.3984, 1, 13, .
.
1024.27, 18.330421406, 10, 7, 465, 1489.27, .
.
1024.27
241, 244, 0.3966, 1, 13, .
.
1024.27, 18.244454985, 10, 7, 465, 1489.27, .
.
1024.27
476, 136, 0.2639, 2, 13, .
.
1030.27, 18.107667676, 10, 8, 459, 1489.27, .
.
1030.27
476, 247, 0.2643, 2, 13, .
.
1030.27, 18.116335675, 10, 8, 459, 1489.27, .
.
1030.27
476, 294, 0.3218, 2, 14, .
.
1024.27, 19.842572880, 10, 7, 465, 1489.27, .
.
1024.27
555, 73, 0.2324, 1, 8, .
.
1030.27, 16.683839720, 10, 8, 459, 1489.27, .
.
1030.27
555, 209, 0.2385, 1, 7, .
.
1024.27, 20.828991153, 10, 7, 465, 1489.27, .
.
1024.27
555, 191, 0.2409, 1, 11, .
.
1030.27, 18.833422878, 10, 8, 459, 1489.27, .
.
1030.27
581, 221, 0.6333, 1, 22, .
.
1020.27, 17.763508942, 12, 6, 469, 1489.27, .
.
1020.27
581, 214, 0.6633, 1, 22, .
.
1024.27, 16.709885195, 10, 7, 465, 1489.27, .
.
1024.27
581, 176, 0.3657, 1, 17, .
.
1024.27, 17.158847176, 10, 7, 465, 1489.27, .
.
1024.27
573, 37, 0.6959, 3, 0, .
.
1030.27, 17.407991675, 10, 8, 459, 1489.27, .
.
1030.27
573, 92, 0.2146, 4, 11, .
.
1028.27, 22.633129257, 10, 8, 461, 1489.27, .
.
1028.27
573, 208, 0.6521, 3, 1, .
.
1029.27, 24.726989313, 11, 7, 460, 1489.27, .
.
1029.27
573, 114, 0.7201, 3, 4, .
.
1030.27, 26.427458759, 10, 8, 459, 1489.27, .
.
1030.27
