Parameters: Seed, ID, RCL, PERT, IDSEQ, Cost, ExecutionTime, LongestRoute, ShortestRoute, TransportCost, Profit, ObjectiveFunction
---------------------------------------------------------------------------
129, 56, 0.4605, 2, 22, .
.
1150.26, 16.190816093, 7, 3, 375, 1525.26, .
.
1150.26
129, 207, 0.4559, 2, 22, .
.
1150.26, 16.174400919, 7, 3, 375, 1525.26, .
.
1150.26
129, 254, 0.4604, 2, 22, .
.
1150.26, 16.174628049, 7, 3, 375, 1525.26, .
.
1150.26
137, 224, 0.2402, 1, 20, .
.
1149.51, 18.744539298, 6, 4, 373, 1522.51, .
.
1149.51
137, 230, 0.2411, 1, 20, .
.
1149.51, 18.155921144, 6, 4, 373, 1522.51, .
.
1149.51
137, 159, 0.5455, 1, 23, .
.
1149.33, 18.035518424, 7, 4, 376, 1525.33, .
.
1149.33
279, 57, 0.9768, 1, 22, .
.
1150.26, 17.879277244, 7, 3, 375, 1525.26, .
.
1150.26
279, 148, 0.9957, 1, 22, .
.
1150.26, 17.843537466, 7, 3, 375, 1525.26, .
.
1150.26
279, 166, 0.9931, 1, 22, .
.
1150.26, 17.860116586, 7, 3, 375, 1525.26, .
.
1150.26
672, 197, 0.2722, 1, 7, .
.
1150.26, 31.300168834, 7, 3, 375, 1525.26, .
.
1150.26
672, 193, 0.3131, 2, 2, .
.
1149.33, 17.696360059, 7, 4, 376, 1525.33, .
.
1149.33
672, 209, 0.3222, 2, 2, .
.
1149.51, 16.470932072, 6, 4, 373, 1522.51, .
.
1149.51
195, 183, 0.4547, 1, 1, .
.
1150.26, 16.108911377, 7, 3, 375, 1525.26, .
.
1150.26
195, 208, 0.4325, 1, 3, .
.
1149.33, 17.093950023, 7, 4, 376, 1525.33, .
.
1149.33
195, 221, 0.4366, 1, 3, .
.
1149.33, 17.253177111, 7, 4, 376, 1525.33, .
.
1149.33
666, 174, 0.4174, 3, 10, .
.
1150.26, 19.717911839, 7, 3, 375, 1525.26, .
.
1150.26
666, 215, 0.4201, 3, 10, .
.
1150.26, 20.052838573, 7, 3, 375, 1525.26, .
.
1150.26
666, 231, 0.4210, 3, 10, .
.
1150.26, 19.911049555, 7, 3, 375, 1525.26, .
.
1150.26
429, 26, 0.3438, 1, 16, .
.
1150.26, 16.132107529, 7, 3, 375, 1525.26, .
.
1150.26
429, 120, 0.3590, 1, 13, .
.
1150.26, 16.314729138, 7, 3, 375, 1525.26, .
.
1150.26
429, 222, 0.3622, 1, 13, .
.
1150.26, 16.594366789, 7, 3, 375, 1525.26, .
.
1150.26
762, 109, 0.5659, 3, 22, .
.
1149.51, 19.818944787, 6, 4, 373, 1522.51, .
.
1149.51
762, 197, 0.5664, 3, 22, .
.
1149.51, 19.919740501, 6, 4, 373, 1522.51, .
.
1149.51
762, 217, 0.5628, 3, 22, .
.
1149.51, 20.148127178, 6, 4, 373, 1522.51, .
.
1149.51
821, 244, 0.7462, 1, 11, .
.
1149.33, 25.347405258, 7, 4, 376, 1525.33, .
.
1149.33
821, 258, 0.6552, 1, 5, .
.
1150.26, 20.171427569, 7, 3, 375, 1525.26, .
.
1150.26
821, 3, 0.6837, 1, 6, .
.
1150.26, 22.124898514, 7, 3, 375, 1525.26, .
.
1150.26
821, 185, 0.3830, 1, 0, .
.
1149.33, 18.163001379, 7, 4, 376, 1525.33, .
.
1149.33
821, 225, 0.6611, 1, 5, .
.
1150.26, 20.070691598, 7, 3, 375, 1525.26, .
.
1150.26
821, 286, 0.6563, 1, 5, .
.
1150.26, 19.833097882, 7, 3, 375, 1525.26, .
.
1150.26
821, 165, 0.9334, 2, 3, .
.
1149.33, 17.763081695, 7, 4, 376, 1525.33, .
.
1149.33
821, 207, 0.9485, 2, 2, .
.
1149.51, 16.483970987, 6, 4, 373, 1522.51, .
.
1149.51
821, 216, 0.9335, 2, 3, .
.
1149.33, 17.801727966, 7, 4, 376, 1525.33, .
.
1149.33
483, 36, 0.2239, 3, 23, .
.
1149.51, 18.510830604, 6, 4, 373, 1522.51, .
.
1149.51
483, 236, 0.2272, 3, 23, .
.
1149.51, 18.201929885, 6, 4, 373, 1522.51, .
.
1149.51
483, 274, 0.2304, 3, 23, .
.
1149.51, 18.407730303, 6, 4, 373, 1522.51, .
.
1149.51
999, 116, 0.3962, 1, 0, .
.
1149.51, 16.944037551, 6, 4, 373, 1522.51, .
.
1149.51
999, 219, 0.3913, 1, 0, .
.
1149.51, 16.948942661, 6, 4, 373, 1522.51, .
.
1149.51
999, 241, 0.3947, 1, 0, .
.
1149.51, 16.988147170, 6, 4, 373, 1522.51, .
.
1149.51
999, 173, 0.2342, 1, 17, .
.
1149.51, 23.539706852, 6, 4, 373, 1522.51, .
.
1149.51
999, 269, 0.2331, 1, 17, .
.
1149.51, 23.467769291, 6, 4, 373, 1522.51, .
.
1149.51
729, 71, 0.7203, 3, 18, .
.
1150.26, 17.528105472, 7, 3, 375, 1525.26, .
.
1150.26
729, 279, 0.7195, 3, 18, .
.
1150.26, 17.101231789, 7, 3, 375, 1525.26, .
.
1150.26
729, 208, 0.6308, 3, 20, .
.
1149.51, 16.145434802, 6, 4, 373, 1522.51, .
.
1149.51
318, 237, 0.6722, 1, 7, .
.
1149.33, 16.449764215, 7, 4, 376, 1525.33, .
.
1149.33
318, 276, 0.7597, 1, 5, .
.
1149.51, 19.183934828, 6, 4, 373, 1522.51, .
.
1149.51
318, 191, 0.7519, 1, 5, .
.
1149.51, 19.123210499, 6, 4, 373, 1522.51, .
.
1149.51
318, 168, 0.5638, 1, 4, .
.
1149.51, 16.045605119, 6, 4, 373, 1522.51, .
.
1149.51
349, 95, 0.9708, 1, 23, .
.
1149.33, 17.443453562, 7, 4, 376, 1525.33, .
.
1149.33
349, 114, 0.9819, 1, 23, .
.
1149.33, 17.798085791, 7, 4, 376, 1525.33, .
.
1149.33
349, 139, 0.9917, 1, 23, .
.
1149.33, 18.182795090, 7, 4, 376, 1525.33, .
.
1149.33
287, 283, 0.8236, 1, 5, .
.
1149.33, 16.221232318, 7, 4, 376, 1525.33, .
.
1149.33
287, 168, 0.8123, 1, 3, .
.
1149.33, 18.025260012, 7, 4, 376, 1525.33, .
.
1149.33
287, 186, 0.8038, 1, 3, .
.
1149.33, 18.157642230, 7, 4, 376, 1525.33, .
.
1149.33
287, 223, 0.7950, 1, 0, .
.
1145.71, 18.773903936, 6, 4, 375, 1520.71, .
.
1145.71
287, 104, 0.5480, 2, 4, .
.
1149.51, 16.384476475, 6, 4, 373, 1522.51, .
.
1149.51
287, 231, 0.5495, 2, 4, .
.
1149.51, 16.727785140, 6, 4, 373, 1522.51, .
.
1149.51
241, 138, 0.5921, 1, 8, .
.
1149.51, 16.540493226, 6, 4, 373, 1522.51, .
.
1149.51
241, 205, 0.8069, 1, 23, .
.
1150.26, 16.731378630, 7, 3, 375, 1525.26, .
.
1150.26
241, 251, 0.8048, 1, 23, .
.
1150.26, 16.825954184, 7, 3, 375, 1525.26, .
.
1150.26
241, 263, 0.6799, 1, 17, .
.
1145.94, 21.804009869, 6, 4, 379, 1524.94, .
.
1145.94
241, 116, 0.8020, 1, 23, .
.
1150.26, 16.442304288, 7, 3, 375, 1525.26, .
.
1150.26
241, 165, 0.8085, 1, 23, .
.
1150.26, 16.760541111, 7, 3, 375, 1525.26, .
.
1150.26
241, 238, 0.5952, 1, 8, .
.
1149.51, 16.281529040, 6, 4, 373, 1522.51, .
.
1149.51
241, 235, 0.8147, 1, 23, .
.
1150.26, 16.734321564, 7, 3, 375, 1525.26, .
.
1150.26
476, 108, 0.9772, 1, 15, .
.
1150.26, 22.441555063, 7, 3, 375, 1525.26, .
.
1150.26
476, 123, 0.9829, 1, 15, .
.
1150.26, 22.426026097, 7, 3, 375, 1525.26, .
.
1150.26
476, 133, 0.9953, 1, 15, .
.
1150.26, 22.550269600, 7, 3, 375, 1525.26, .
.
1150.26
476, 253, 0.8024, 1, 20, .
.
1149.51, 16.461172200, 6, 4, 373, 1522.51, .
.
1149.51
476, 263, 0.8820, 1, 13, .
.
1145.94, 18.604693800, 6, 4, 379, 1524.94, .
.
1145.94
555, 236, 0.9043, 1, 14, .
.
1149.33, 16.424952751, 7, 4, 376, 1525.33, .
.
1149.33
555, 294, 0.9014, 1, 14, .
.
1149.33, 16.719958511, 7, 4, 376, 1525.33, .
.
1149.33
555, 155, 0.8699, 1, 15, .
.
1149.33, 16.395791256, 7, 4, 376, 1525.33, .
.
1149.33
581, 291, 0.9212, 3, 7, .
.
1150.26, 21.136245572, 7, 3, 375, 1525.26, .
.
1150.26
581, 294, 0.9216, 3, 7, .
.
1150.26, 21.452607402, 7, 3, 375, 1525.26, .
.
1150.26
581, 219, 0.9305, 3, 7, .
.
1150.26, 21.486906350, 7, 3, 375, 1525.26, .
.
1150.26
581, 286, 0.9188, 3, 7, .
.
1150.26, 22.105998378, 7, 3, 375, 1525.26, .
.
1150.26
581, 293, 0.9192, 3, 7, .
.
1150.26, 21.503723588, 7, 3, 375, 1525.26, .
.
1150.26
581, 294, 0.9177, 3, 7, .
.
1150.26, 21.804550201, 7, 3, 375, 1525.26, .
.
1150.26
573, 24, 0.4834, 1, 2, .
.
1150.26, 41.153327522, 7, 3, 375, 1525.26, .
.
1150.26
573, 184, 0.4783, 1, 2, .
.
1150.26, 41.145517739, 7, 3, 375, 1525.26, .
.
1150.26
573, 206, 0.4854, 1, 2, .
.
1150.26, 40.844807148, 7, 3, 375, 1525.26, .
.
1150.26
573, 271, 0.5730, 1, 0, .
.
1149.33, 16.124837021, 7, 4, 376, 1525.33, .
.
1149.33
573, 282, 0.5762, 1, 0, .
.
1149.33, 16.124382132, 7, 4, 376, 1525.33, .
.
1149.33
573, 249, 0.3997, 1, 1, .
.
1150.26, 16.512684033, 7, 3, 375, 1525.26, .
.
1150.26
