Parameters: Seed, ID, RCL, PERT, IDSEQ, Cost, ExecutionTime, LongestRoute, ShortestRoute, TransportCost, Profit, ObjectiveFunction
---------------------------------------------------------------------------
129, 182, 0.4628, 4, 10, .
.
396.736, 16.685453972, 14, 6, 149, 545.736, .
.
396.736
129, 257, 0.4658, 4, 10, .
.
396.736, 16.676562894, 14, 6, 149, 545.736, .
.
396.736
129, 290, 0.4654, 4, 10, .
.
396.736, 16.361205689, 14, 6, 149, 545.736, .
.
396.736
137, 148, 0.3153, 4, 1, .
.
397.4, 17.401179178, 16, 4, 146, 543.4, .
.
397.4
137, 222, 0.4051, 4, 0, .
.
397.732, 18.188178287, 14, 6, 148, 545.732, .
.
397.732
137, 285, 0.4072, 4, 0, .
.
397.732, 17.796844913, 14, 6, 148, 545.732, .
.
397.732
279, 200, 0.6194, 4, 1, .
.
397.732, 17.226262474, 14, 6, 148, 545.732, .
.
397.732
279, 196, 0.6095, 4, 1, .
.
397.732, 17.564266445, 14, 6, 148, 545.732, .
.
397.732
279, 266, 0.6151, 4, 0, .
.
396.736, 18.194987139, 14, 6, 149, 545.736, .
.
396.736
279, 207, 0.6230, 4, 1, .
.
397.732, 16.648516600, 14, 6, 148, 545.732, .
.
397.732
279, 203, 0.4919, 4, 5, .
.
397.4, 16.225152832, 16, 4, 146, 543.4, .
.
397.4
279, 208, 0.4756, 4, 5, .
.
397.4, 16.225504199, 16, 4, 146, 543.4, .
.
397.4
279, 211, 0.4790, 4, 5, .
.
397.4, 16.434364154, 16, 4, 146, 543.4, .
.
397.4
672, 154, 0.4999, 4, 17, .
.
397.4, 17.246218588, 16, 4, 146, 543.4, .
.
397.4
672, 187, 0.4878, 4, 17, .
.
397.4, 17.132706481, 16, 4, 146, 543.4, .
.
397.4
672, 225, 0.4912, 4, 17, .
.
397.4, 17.164066617, 16, 4, 146, 543.4, .
.
397.4
672, 209, 0.4885, 4, 17, .
.
397.4, 16.858447768, 16, 4, 146, 543.4, .
.
397.4
195, 55, 0.9586, 3, 5, .
.
397.732, 16.434084603, 14, 6, 148, 545.732, .
.
397.732
195, 125, 0.9507, 3, 5, .
.
397.732, 16.227287958, 14, 6, 148, 545.732, .
.
397.732
195, 134, 0.9684, 3, 5, .
.
397.732, 16.438261487, 14, 6, 148, 545.732, .
.
397.732
666, 120, 0.3194, 4, 18, .
.
397.4, 20.578286919, 16, 4, 146, 543.4, .
.
397.4
666, 212, 0.3201, 4, 18, .
.
397.4, 20.383356106, 16, 4, 146, 543.4, .
.
397.4
666, 251, 0.3163, 4, 18, .
.
397.4, 20.323783264, 16, 4, 146, 543.4, .
.
397.4
666, 214, 0.3244, 4, 18, .
.
397.4, 20.504393831, 16, 4, 146, 543.4, .
.
397.4
666, 238, 0.3248, 4, 18, .
.
397.4, 20.270096929, 16, 4, 146, 543.4, .
.
397.4
429, 107, 0.8251, 3, 6, .
.
397.732, 23.655727248, 14, 6, 148, 545.732, .
.
397.732
429, 157, 0.8310, 3, 6, .
.
397.732, 23.800081180, 14, 6, 148, 545.732, .
.
397.732
429, 297, 0.8306, 3, 6, .
.
397.732, 23.800876838, 14, 6, 148, 545.732, .
.
397.732
429, 308, 0.8273, 3, 6, .
.
397.732, 23.776190019, 14, 6, 148, 545.732, .
.
397.732
429, 114, 0.2688, 3, 13, .
.
397.732, 26.894889202, 14, 6, 148, 545.732, .
.
397.732
762, 231, 0.7173, 4, 2, .
.
397.732, 16.625269836, 14, 6, 148, 545.732, .
.
397.732
762, 7, 0.5346, 3, 6, .
.
396.736, 16.364691271, 14, 6, 149, 545.736, .
.
396.736
762, 198, 0.5534, 3, 2, .
.
396.736, 17.165848322, 14, 6, 149, 545.736, .
.
396.736
762, 263, 0.5357, 3, 6, .
.
396.736, 16.357344209, 14, 6, 149, 545.736, .
.
396.736
821, 101, 0.8774, 2, 0, .
.
397.732, 16.575494485, 14, 6, 148, 545.732, .
.
397.732
821, 91, 0.9399, 4, 15, .
.
395.97, 16.585363732, 14, 6, 150, 545.97, .
.
395.97
821, 160, 0.9392, 4, 15, .
.
395.97, 16.553736413, 14, 6, 150, 545.97, .
.
395.97
483, 153, 0.4790, 4, 12, .
.
397.732, 22.204283221, 14, 6, 148, 545.732, .
.
397.732
483, 169, 0.4502, 3, 23, .
.
397.732, 18.048941474, 14, 6, 148, 545.732, .
.
397.732
483, 233, 0.4677, 4, 12, .
.
397.732, 16.680022374, 14, 6, 148, 545.732, .
.
397.732
483, 216, 0.4918, 4, 12, .
.
397.732, 21.909026245, 14, 6, 148, 545.732, .
.
397.732
483, 223, 0.4914, 4, 12, .
.
397.732, 22.226168969, 14, 6, 148, 545.732, .
.
397.732
999, 241, 0.2914, 4, 2, .
.
397.732, 16.982743009, 14, 6, 148, 545.732, .
.
397.732
999, 267, 0.2102, 4, 6, .
.
397.4, 29.728955519, 16, 4, 146, 543.4, .
.
397.4
999, 231, 0.3974, 4, 4, .
.
397.732, 17.257360134, 14, 6, 148, 545.732, .
.
397.732
999, 270, 0.2920, 4, 2, .
.
397.732, 16.643696155, 14, 6, 148, 545.732, .
.
397.732
729, 237, 0.4923, 4, 3, .
.
397.732, 23.599074002, 14, 6, 148, 545.732, .
.
397.732
729, 189, 0.6317, 4, 3, .
.
396.736, 17.396303538, 14, 6, 149, 545.736, .
.
396.736
729, 206, 0.7627, 4, 3, .
.
397.732, 16.604691463, 14, 6, 148, 545.732, .
.
397.732
318, 202, 0.6072, 3, 13, .
.
397.732, 16.669686001, 14, 6, 148, 545.732, .
.
397.732
318, 217, 0.6027, 3, 13, .
.
397.732, 16.648661821, 14, 6, 148, 545.732, .
.
397.732
318, 292, 0.5286, 3, 12, .
.
396.736, 17.365094824, 14, 6, 149, 545.736, .
.
396.736
318, 33, 0.8878, 2, 3, .
.
397.732, 16.293591662, 14, 6, 148, 545.732, .
.
397.732
318, 258, 0.8863, 2, 3, .
.
397.732, 16.578995118, 14, 6, 148, 545.732, .
.
397.732
318, 121, 0.6907, 3, 18, .
.
397.732, 24.195007838, 14, 6, 148, 545.732, .
.
397.732
318, 130, 0.7757, 4, 14, .
.
397.4, 16.966072554, 16, 4, 146, 543.4, .
.
397.4
318, 228, 0.7716, 4, 14, .
.
397.4, 16.611795106, 16, 4, 146, 543.4, .
.
397.4
349, 241, 0.2883, 4, 8, .
.
397.4, 17.672811787, 16, 4, 146, 543.4, .
.
397.4
349, 116, 0.2907, 4, 8, .
.
397.4, 17.458824665, 16, 4, 146, 543.4, .
.
397.4
349, 217, 0.2908, 4, 8, .
.
397.4, 17.409017329, 16, 4, 146, 543.4, .
.
397.4
349, 228, 0.2931, 4, 8, .
.
397.4, 17.170237519, 16, 4, 146, 543.4, .
.
397.4
287, 26, 0.8417, 4, 8, .
.
397.732, 22.088457935, 14, 6, 148, 545.732, .
.
397.732
287, 248, 0.8372, 4, 8, .
.
397.732, 22.617454084, 14, 6, 148, 545.732, .
.
397.732
287, 272, 0.8415, 4, 8, .
.
397.732, 22.480401567, 14, 6, 148, 545.732, .
.
397.732
287, 158, 0.9865, 4, 15, .
.
397.732, 17.518955424, 14, 6, 148, 545.732, .
.
397.732
287, 257, 0.8369, 4, 8, .
.
397.732, 22.536315961, 14, 6, 148, 545.732, .
.
397.732
287, 264, 0.2397, 4, 14, .
.
396.736, 18.808594175, 14, 6, 149, 545.736, .
.
396.736
287, 176, 0.6215, 3, 7, .
.
397.732, 16.875694860, 14, 6, 148, 545.732, .
.
397.732
241, 18, 0.2257, 3, 12, .
.
396.736, 16.629334814, 14, 6, 149, 545.736, .
.
396.736
241, 50, 0.9882, 2, 9, .
.
397.732, 16.231461794, 14, 6, 148, 545.732, .
.
397.732
241, 208, 0.9934, 2, 9, .
.
397.732, 16.231370632, 14, 6, 148, 545.732, .
.
397.732
241, 228, 0.2227, 3, 12, .
.
396.736, 16.325680430, 14, 6, 149, 545.736, .
.
396.736
241, 281, 0.2238, 3, 12, .
.
396.736, 16.631350925, 14, 6, 149, 545.736, .
.
396.736
241, 262, 0.8589, 3, 13, .
.
397.732, 18.449921306, 14, 6, 148, 545.732, .
.
397.732
476, 117, 0.2063, 4, 22, .
.
397.4, 25.228980681, 16, 4, 146, 543.4, .
.
397.4
476, 265, 0.2043, 4, 22, .
.
397.4, 25.217511706, 16, 4, 146, 543.4, .
.
397.4
476, 290, 0.2075, 4, 22, .
.
397.4, 25.170776704, 16, 4, 146, 543.4, .
.
397.4
476, 215, 0.9370, 4, 21, .
.
397.732, 16.941950526, 14, 6, 148, 545.732, .
.
397.732
476, 221, 0.8691, 4, 10, .
.
397.4, 17.617114009, 16, 4, 146, 543.4, .
.
397.4
476, 168, 0.8542, 4, 13, .
.
397.732, 19.543429483, 14, 6, 148, 545.732, .
.
397.732
555, 126, 0.6386, 4, 1, .
.
397.732, 16.581258980, 14, 6, 148, 545.732, .
.
397.732
555, 275, 0.6417, 4, 1, .
.
397.732, 16.581874283, 14, 6, 148, 545.732, .
.
397.732
555, 259, 0.6398, 4, 6, .
.
397.732, 18.512103199, 14, 6, 148, 545.732, .
.
397.732
555, 208, 0.7591, 4, 2, .
.
397.4, 17.543261224, 16, 4, 146, 543.4, .
.
397.4
555, 224, 0.7587, 4, 2, .
.
397.4, 17.490028072, 16, 4, 146, 543.4, .
.
397.4
555, 244, 0.7525, 4, 2, .
.
397.4, 17.467291362, 16, 4, 146, 543.4, .
.
397.4
555, 237, 0.8159, 4, 2, .
.
397.732, 17.051708200, 14, 6, 148, 545.732, .
.
397.732
555, 243, 0.6425, 4, 10, .
.
397.732, 24.131577825, 14, 6, 148, 545.732, .
.
397.732
555, 271, 0.6390, 4, 10, .
.
397.732, 24.169800142, 14, 6, 148, 545.732, .
.
397.732
581, 184, 0.2121, 4, 1, .
.
396.736, 17.722933264, 14, 6, 149, 545.736, .
.
396.736
581, 237, 0.2134, 4, 1, .
.
396.736, 17.796471125, 14, 6, 149, 545.736, .
.
396.736
581, 178, 0.2105, 4, 13, .
.
397.4, 16.836127307, 16, 4, 146, 543.4, .
.
397.4
581, 242, 0.2143, 4, 13, .
.
397.4, 16.947496595, 16, 4, 146, 543.4, .
.
397.4
581, 289, 0.2150, 4, 13, .
.
397.4, 16.935486422, 16, 4, 146, 543.4, .
.
397.4
573, 287, 0.6916, 3, 18, .
.
397.732, 16.260092672, 14, 6, 148, 545.732, .
.
397.732
573, 77, 0.7896, 3, 22, .
.
397.4, 16.864081448, 16, 4, 146, 543.4, .
.
397.4
573, 246, 0.5503, 3, 11, .
.
397.732, 18.079620532, 14, 6, 148, 545.732, .
.
397.732
573, 272, 0.5537, 3, 11, .
.
397.732, 17.710991322, 14, 6, 148, 545.732, .
.
397.732
573, 275, 0.5523, 3, 11, .
.
397.732, 17.986235799, 14, 6, 148, 545.732, .
.
397.732
573, 220, 0.3507, 4, 10, .
.
397.732, 20.990018650, 14, 6, 148, 545.732, .
.
397.732
573, 259, 0.5539, 3, 11, .
.
397.732, 17.708772848, 14, 6, 148, 545.732, .
.
397.732
573, 293, 0.5518, 3, 11, .
.
397.732, 18.012983795, 14, 6, 148, 545.732, .
.
397.732
