Parameters: Seed, ID, RCL, PERT, IDSEQ, Cost, ExecutionTime, LongestRoute, ShortestRoute, TransportCost, Profit, ObjectiveFunction
---------------------------------------------------------------------------
129, 155, 0.8964, 1, 3, .
.
663.174, 23.065029483, 12, 8, 451, 1114.17, .
.
663.174
129, 279, 0.2256, 4, 6, .
.
664.391, 18.480074814, 12, 9, 445, 1109.39, .
.
664.391
129, 88, 0.3168, 3, 1, .
.
664.455, 45.689496548, 10, 10, 453, 1117.45, .
.
664.455
129, 258, 0.7236, 1, 9, .
.
657.365, 22.983991622, 11, 9, 460, 1117.36, .
.
657.365
129, 203, 0.8494, 1, 7, .
.
674.37, 20.942073781, 14, 7, 443, 1117.37, .
.
674.37
129, 262, 0.3652, 3, 2, .
.
662.295, 20.483869916, 11, 9, 453, 1115.3, .
.
662.295
129, 169, 0.5117, 2, 15, .
.
673.021, 29.349672089, 14, 6, 442, 1115.02, .
.
673.021
137, 73, 0.2565, 4, 12, .
.
666.639, 22.326030336, 13, 7, 451, 1117.64, .
.
666.639
137, 121, 0.2583, 4, 12, .
.
666.639, 22.339337674, 13, 7, 451, 1117.64, .
.
666.639
137, 282, 0.2554, 4, 12, .
.
666.639, 22.349718719, 13, 7, 451, 1117.64, .
.
666.639
137, 220, 0.2760, 4, 7, .
.
663.174, 21.524907807, 12, 8, 451, 1114.17, .
.
663.174
137, 275, 0.2578, 4, 12, .
.
666.639, 22.558828859, 13, 7, 451, 1117.64, .
.
666.639
279, 65, 0.7206, 4, 12, .
.
672.021, 17.272137261, 12, 6, 442, 1114.02, .
.
672.021
279, 75, 0.6706, 3, 11, .
.
668.366, 17.114758613, 13, 6, 448, 1116.37, .
.
668.366
279, 244, 0.7198, 4, 8, .
.
668.069, 18.238808935, 12, 7, 448, 1116.07, .
.
668.069
672, 208, 0.6619, 1, 14, .
.
666.915, 19.507141879, 13, 7, 450, 1116.92, .
.
666.915
672, 241, 0.2840, 1, 9, .
.
666.194, 35.563240015, 13, 8, 446, 1112.19, .
.
666.194
672, 279, 0.2850, 1, 9, .
.
666.194, 35.585848175, 13, 8, 446, 1112.19, .
.
666.194
672, 281, 0.2737, 1, 9, .
.
666.915, 16.248498355, 13, 7, 450, 1116.92, .
.
666.915
672, 170, 0.6893, 1, 13, .
.
662.577, 18.958955399, 12, 9, 450, 1112.58, .
.
662.577
195, 111, 0.3149, 2, 5, .
.
665.873, 22.465036100, 11, 9, 448, 1113.87, .
.
665.873
195, 198, 0.2749, 2, 9, .
.
668.991, 24.934619760, 12, 7, 448, 1116.99, .
.
668.991
195, 250, 0.7008, 4, 0, .
.
656.915, 22.254229775, 12, 8, 460, 1116.91, .
.
656.915
195, 223, 0.6845, 4, 1, .
.
661.622, 16.948133701, 12, 9, 455, 1116.62, .
.
661.622
195, 184, 0.6801, 4, 0, .
.
670.841, 17.519470442, 13, 6, 444, 1114.84, .
.
670.841
195, 232, 0.3114, 2, 6, .
.
662.33, 36.205731197, 12, 8, 454, 1116.33, .
.
662.33
666, 225, 0.3601, 2, 15, .
.
673.463, 27.755542830, 14, 6, 441, 1114.46, .
.
673.463
666, 202, 0.5153, 2, 12, .
.
673.021, 39.419073648, 14, 5, 442, 1115.02, .
.
673.021
666, 82, 0.5622, 2, 12, .
.
673.021, 39.027425145, 14, 5, 442, 1115.02, .
.
673.021
666, 117, 0.6983, 2, 13, .
.
666.194, 16.930180603, 13, 8, 446, 1112.19, .
.
666.194
429, 265, 0.3434, 4, 19, .
.
657.052, 32.608094696, 13, 8, 458, 1115.05, .
.
657.052
429, 35, 0.5563, 2, 7, .
.
662.515, 17.060326908, 12, 9, 454, 1116.51, .
.
662.515
429, 51, 0.3313, 4, 21, .
.
673.463, 17.542205454, 14, 6, 441, 1114.46, .
.
673.463
429, 283, 0.3429, 4, 19, .
.
657.052, 32.733230670, 13, 8, 458, 1115.05, .
.
657.052
429, 123, 0.2202, 4, 20, .
.
665.441, 29.981700340, 11, 8, 452, 1117.44, .
.
665.441
429, 207, 0.6701, 2, 3, .
.
669.024, 31.127287008, 14, 7, 447, 1116.02, .
.
669.024
429, 162, 0.3326, 4, 21, .
.
673.463, 17.957185543, 14, 6, 441, 1114.46, .
.
673.463
429, 210, 0.3291, 4, 21, .
.
673.463, 17.975009072, 14, 6, 441, 1114.46, .
.
673.463
762, 6, 0.7346, 4, 0, .
.
670.252, 17.666894935, 12, 7, 447, 1117.25, .
.
670.252
762, 211, 0.7348, 4, 4, .
.
666.194, 31.897632101, 13, 8, 446, 1112.19, .
.
666.194
762, 217, 0.7353, 4, 4, .
.
666.194, 31.532596410, 13, 8, 446, 1112.19, .
.
666.194
821, 2, 0.8837, 4, 12, .
.
674.541, 23.593466173, 13, 7, 443, 1117.54, .
.
674.541
821, 235, 0.8840, 4, 12, .
.
674.541, 23.395181083, 13, 7, 443, 1117.54, .
.
674.541
821, 237, 0.8827, 4, 12, .
.
674.541, 23.470288411, 13, 7, 443, 1117.54, .
.
674.541
821, 206, 0.9424, 4, 12, .
.
673.021, 19.095041446, 14, 5, 442, 1115.02, .
.
673.021
821, 18, 0.9087, 1, 14, .
.
673.021, 18.459008085, 14, 6, 442, 1115.02, .
.
673.021
821, 206, 0.3478, 4, 4, .
.
663.87, 18.239155124, 12, 9, 449, 1112.87, .
.
663.87
821, 12, 0.3337, 4, 4, .
.
666.194, 43.948854762, 13, 8, 446, 1112.19, .
.
666.194
483, 87, 0.9426, 2, 17, .
.
669.73, 17.085970024, 12, 7, 447, 1116.73, .
.
669.73
483, 76, 0.6176, 3, 22, .
.
674.541, 61.006502866, 13, 7, 443, 1117.54, .
.
674.541
483, 269, 0.6170, 3, 22, .
.
674.541, 61.008498614, 13, 7, 443, 1117.54, .
.
674.541
999, 174, 0.5960, 1, 2, .
.
663.33, 17.688696097, 10, 10, 453, 1116.33, .
.
663.33
999, 220, 0.5932, 1, 2, .
.
663.33, 17.508606349, 10, 10, 453, 1116.33, .
.
663.33
999, 270, 0.5951, 1, 2, .
.
663.33, 17.579191249, 10, 10, 453, 1116.33, .
.
663.33
999, 16, 0.5517, 1, 0, .
.
666.915, 26.151917233, 13, 7, 450, 1116.92, .
.
666.915
999, 170, 0.5509, 1, 0, .
.
666.915, 26.408450636, 13, 7, 450, 1116.92, .
.
666.915
999, 240, 0.5747, 1, 0, .
.
667.35, 19.069286882, 12, 6, 447, 1114.35, .
.
667.35
999, 110, 0.9205, 1, 18, .
.
662.577, 21.129371826, 12, 9, 450, 1112.58, .
.
662.577
999, 292, 0.9211, 1, 18, .
.
662.577, 21.108743500, 12, 9, 450, 1112.58, .
.
662.577
999, 293, 0.9206, 1, 18, .
.
662.577, 21.098652935, 12, 9, 450, 1112.58, .
.
662.577
729, 228, 0.3484, 2, 20, .
.
664.391, 24.380749634, 12, 9, 445, 1109.39, .
.
664.391
729, 16, 0.3016, 2, 13, .
.
673.498, 22.085010522, 13, 7, 442, 1115.5, .
.
673.498
729, 224, 0.2467, 2, 16, .
.
666.915, 17.152167459, 13, 7, 450, 1116.92, .
.
666.915
318, 217, 0.5241, 4, 5, .
.
669.392, 34.909401654, 13, 7, 448, 1117.39, .
.
669.392
318, 146, 0.5342, 4, 6, .
.
673.498, 31.421735093, 13, 7, 442, 1115.5, .
.
673.498
318, 68, 0.7191, 4, 10, .
.
664.391, 23.135201220, 12, 9, 445, 1109.39, .
.
664.391
318, 188, 0.6231, 4, 8, .
.
671.775, 27.021862126, 13, 7, 445, 1116.78, .
.
671.775
318, 174, 0.6624, 4, 8, .
.
671.775, 26.987821897, 13, 7, 445, 1116.78, .
.
671.775
318, 227, 0.6963, 4, 8, .
.
674.509, 29.618362592, 13, 7, 443, 1117.51, .
.
674.509
349, 169, 0.3543, 4, 7, .
.
673.021, 31.363271373, 14, 5, 442, 1115.02, .
.
673.021
349, 236, 0.3565, 4, 7, .
.
673.021, 31.509997450, 14, 5, 442, 1115.02, .
.
673.021
349, 246, 0.3563, 4, 7, .
.
673.021, 31.415432819, 14, 5, 442, 1115.02, .
.
673.021
349, 289, 0.3545, 4, 7, .
.
673.021, 31.263906999, 14, 5, 442, 1115.02, .
.
673.021
287, 106, 0.4980, 1, 18, .
.
671.714, 16.684453296, 12, 6, 443, 1114.71, .
.
671.714
287, 231, 0.3565, 1, 19, .
.
663.174, 19.512167254, 12, 8, 451, 1114.17, .
.
663.174
287, 234, 0.6611, 1, 16, .
.
663.658, 17.941485340, 11, 9, 453, 1116.66, .
.
663.658
287, 285, 0.4896, 2, 9, .
.
671.499, 31.261869215, 13, 6, 443, 1114.5, .
.
671.499
241, 280, 0.3397, 1, 22, .
.
668.366, 16.586703713, 12, 7, 448, 1116.37, .
.
668.366
241, 245, 0.3368, 1, 18, .
.
670.252, 29.330707034, 12, 7, 447, 1117.25, .
.
670.252
241, 295, 0.3263, 1, 21, .
.
667.872, 27.491411159, 13, 6, 447, 1114.87, .
.
667.872
241, 259, 0.3152, 1, 22, .
.
664.621, 16.769505245, 12, 8, 453, 1117.62, .
.
664.621
241, 141, 0.3128, 1, 21, .
.
667.872, 27.347423246, 13, 6, 447, 1114.87, .
.
667.872
241, 21, 0.3257, 1, 21, .
.
667.872, 27.375405415, 13, 6, 447, 1114.87, .
.
667.872
476, 261, 0.2705, 2, 6, .
.
666.194, 17.537594935, 13, 8, 446, 1112.19, .
.
666.194
476, 16, 0.6084, 3, 23, .
.
674.541, 27.478441503, 13, 7, 443, 1117.54, .
.
674.541
476, 266, 0.3399, 2, 8, .
.
669.73, 24.074832965, 12, 7, 447, 1116.73, .
.
669.73
476, 255, 0.6082, 3, 23, .
.
674.541, 27.264298670, 13, 7, 443, 1117.54, .
.
674.541
476, 281, 0.3629, 2, 8, .
.
664.454, 23.171317638, 11, 9, 449, 1113.45, .
.
664.454
476, 138, 0.3337, 2, 6, .
.
671.499, 20.468317698, 13, 6, 443, 1114.5, .
.
671.499
476, 115, 0.5603, 1, 10, .
.
673.463, 34.860456266, 14, 6, 441, 1114.46, .
.
673.463
476, 288, 0.3353, 2, 5, .
.
669.701, 17.874393652, 13, 6, 445, 1114.7, .
.
669.701
555, 206, 0.6428, 2, 3, .
.
662.572, 17.561884180, 11, 9, 455, 1117.57, .
.
662.572
555, 156, 0.5201, 2, 2, .
.
673.021, 18.615974964, 14, 5, 442, 1115.02, .
.
673.021
555, 223, 0.6123, 2, 3, .
.
664.454, 17.334392979, 11, 9, 449, 1113.45, .
.
664.454
555, 11, 0.6511, 2, 3, .
.
674.37, 22.393063900, 14, 7, 443, 1117.37, .
.
674.37
555, 239, 0.6838, 2, 3, .
.
665.873, 21.703169100, 11, 9, 448, 1113.87, .
.
665.873
555, 262, 0.6415, 2, 3, .
.
662.572, 17.529591907, 11, 9, 455, 1117.57, .
.
662.572
581, 228, 0.3130, 1, 5, .
.
669.701, 24.278417669, 13, 6, 445, 1114.7, .
.
669.701
581, 261, 0.3148, 1, 5, .
.
669.701, 24.310541081, 13, 6, 445, 1114.7, .
.
669.701
581, 283, 0.3127, 1, 5, .
.
669.701, 24.372825476, 13, 6, 445, 1114.7, .
.
669.701
581, 232, 0.5591, 3, 4, .
.
674.541, 61.005267474, 13, 7, 443, 1117.54, .
.
674.541
581, 134, 0.6393, 4, 2, .
.
672.314, 28.352965364, 13, 6, 442, 1114.31, .
.
672.314
581, 186, 0.3220, 1, 5, .
.
649.265, 20.722982406, 14, 5, 465, 1114.26, .
.
649.265
581, 244, 0.3242, 1, 5, .
.
670.252, 55.286317335, 12, 7, 447, 1117.25, .
.
670.252
581, 286, 0.3227, 1, 5, .
.
649.265, 20.691862105, 14, 5, 465, 1114.26, .
.
649.265
573, 218, 0.5605, 3, 14, .
.
664.391, 25.761924144, 12, 9, 445, 1109.39, .
.
664.391
573, 252, 0.5614, 3, 14, .
.
664.391, 25.774594097, 12, 9, 445, 1109.39, .
.
664.391
573, 281, 0.5619, 3, 14, .
.
664.391, 25.810129518, 12, 9, 445, 1109.39, .
.
664.391
573, 266, 0.5862, 1, 16, .
.
664.622, 16.713541513, 12, 8, 453, 1117.62, .
.
664.622
573, 268, 0.5847, 1, 16, .
.
664.622, 16.633107659, 12, 8, 453, 1117.62, .
.
664.622
573, 191, 0.6859, 1, 18, .
.
664.425, 27.456314716, 14, 7, 451, 1115.43, .
.
664.425
573, 259, 0.6809, 4, 12, .
.
674.37, 18.671740274, 14, 7, 443, 1117.37, .
.
674.37
573, 213, 0.5560, 3, 14, .
.
671.499, 32.600000740, 13, 6, 443, 1114.5, .
.
671.499
