Parameters: Seed, ID, RCL, PERT, IDSEQ, Cost, ExecutionTime, LongestRoute, ShortestRoute, TransportCost, Profit, ObjectiveFunction
---------------------------------------------------------------------------
129, 1, 0.2230, 3, 23, .
.
508.515, 16.251727603, 8, 5, 744, 1252.52, .
.
508.515
129, 2, 0.6230, 1, 11, .
.
508.515, 17.095304463, 8, 5, 744, 1252.52, .
.
508.515
129, 3, 0.4230, 2, 5, .
.
508.515, 17.056195338, 8, 5, 744, 1252.52, .
.
508.515
137, 1, 0.2502, 2, 0, .
.
508.515, 16.816505822, 8, 5, 744, 1252.52, .
.
508.515
137, 2, 0.6502, 4, 12, .
.
508.515, 18.649484216, 8, 5, 744, 1252.52, .
.
508.515
137, 3, 0.8502, 1, 6, .
.
508.515, 17.663893106, 8, 5, 744, 1252.52, .
.
508.515
279, 1, 0.8393, 3, 6, .
.
508.515, 18.053608975, 8, 5, 744, 1252.52, .
.
508.515
279, 2, 0.4393, 1, 18, .
.
508.515, 16.378531010, 8, 5, 744, 1252.52, .
.
508.515
279, 3, 0.6393, 2, 12, .
.
508.515, 16.674879926, 8, 5, 744, 1252.52, .
.
508.515
672, 1, 0.6027, 4, 23, .
.
508.515, 16.844333082, 8, 5, 744, 1252.52, .
.
508.515
672, 2, 0.2027, 2, 11, .
.
508.515, 17.935379094, 8, 5, 744, 1252.52, .
.
508.515
672, 3, 0.8027, 1, 5, .
.
508.515, 16.704424829, 8, 5, 744, 1252.52, .
.
508.515
195, 1, 0.2461, 4, 5, .
.
508.515, 16.989891458, 8, 5, 744, 1252.52, .
.
508.515
195, 2, 0.6461, 2, 17, .
.
508.515, 16.060659341, 8, 5, 744, 1252.52, .
.
508.515
195, 3, 0.8461, 3, 11, .
.
508.515, 16.486503963, 8, 5, 744, 1252.52, .
.
508.515
666, 1, 0.8435, 2, 18, .
.
508.515, 17.959710228, 8, 5, 744, 1252.52, .
.
508.515
666, 2, 0.4435, 4, 6, .
.
508.515, 16.906773410, 8, 5, 744, 1252.52, .
.
508.515
666, 3, 0.6435, 3, 0, .
.
508.515, 16.366877957, 8, 5, 744, 1252.52, .
.
508.515
429, 1, 0.6188, 3, 17, .
.
508.515, 20.207901865, 8, 5, 744, 1252.52, .
.
508.515
429, 2, 0.2188, 1, 5, .
.
508.515, 16.210663298, 8, 5, 744, 1252.52, .
.
508.515
429, 3, 0.4188, 4, 23, .
.
508.515, 17.069981545, 8, 5, 744, 1252.52, .
.
508.515
762, 1, 0.4346, 1, 3, .
.
508.515, 16.777849945, 8, 5, 744, 1252.52, .
.
508.515
762, 2, 0.8346, 3, 15, .
.
508.515, 19.016169854, 8, 5, 744, 1252.52, .
.
508.515
762, 3, 0.6346, 2, 9, .
.
508.515, 16.854169882, 8, 5, 744, 1252.52, .
.
508.515
821, 1, 0.4837, 2, 0, .
.
508.515, 16.802076912, 8, 5, 744, 1252.52, .
.
508.515
821, 2, 0.8837, 4, 12, .
.
508.515, 16.372649046, 8, 5, 744, 1252.52, .
.
508.515
821, 3, 0.6837, 1, 6, .
.
508.515, 16.766993805, 8, 5, 744, 1252.52, .
.
508.515
483, 1, 0.7864, 1, 5, .
.
508.515, 17.157815573, 8, 5, 744, 1252.52, .
.
508.515
483, 2, 0.3864, 3, 17, .
.
508.515, 17.589545983, 8, 5, 744, 1252.52, .
.
508.515
483, 3, 0.9864, 4, 23, .
.
508.515, 16.565865188, 8, 5, 744, 1252.52, .
.
508.515
999, 1, 0.3017, 1, 7, .
.
508.515, 16.189425326, 8, 5, 744, 1252.52, .
.
508.515
999, 2, 0.7017, 3, 19, .
.
508.515, 16.911413876, 8, 5, 744, 1252.52, .
.
508.515
999, 3, 0.9017, 2, 1, .
.
508.515, 16.923421007, 8, 5, 744, 1252.52, .
.
508.515
729, 1, 0.8516, 2, 3, .
.
508.515, 16.240259327, 8, 5, 744, 1252.52, .
.
508.515
729, 2, 0.4516, 4, 15, .
.
508.515, 17.245622798, 8, 5, 744, 1252.52, .
.
508.515
729, 3, 0.2516, 1, 9, .
.
508.515, 16.926063123, 8, 5, 744, 1252.52, .
.
508.515
318, 1, 0.8753, 3, 11, .
.
508.515, 16.749391839, 8, 5, 744, 1252.52, .
.
508.515
318, 2, 0.4753, 1, 23, .
.
508.515, 16.122981510, 8, 5, 744, 1252.52, .
.
508.515
318, 3, 0.6753, 2, 17, .
.
508.515, 16.430249269, 8, 5, 744, 1252.52, .
.
508.515
349, 1, 0.6645, 4, 19, .
.
508.515, 17.721858173, 8, 5, 744, 1252.52, .
.
508.515
349, 2, 0.2645, 2, 7, .
.
508.515, 16.640548298, 8, 5, 744, 1252.52, .
.
508.515
349, 3, 0.4645, 3, 13, .
.
508.515, 16.658839476, 8, 5, 744, 1252.52, .
.
508.515
287, 1, 0.5167, 2, 8, .
.
508.515, 16.392749624, 8, 5, 744, 1252.52, .
.
508.515
287, 2, 0.9167, 4, 20, .
.
508.515, 19.652476133, 8, 5, 744, 1252.52, .
.
508.515
287, 3, 0.3167, 3, 14, .
.
508.515, 17.209595070, 8, 5, 744, 1252.52, .
.
508.515
241, 1, 0.6007, 3, 22, .
.
508.515, 16.780056010, 8, 5, 744, 1252.52, .
.
508.515
241, 2, 0.2007, 1, 10, .
.
508.515, 16.271098986, 8, 5, 744, 1252.52, .
.
508.515
241, 3, 0.8007, 2, 4, .
.
508.515, 16.530712208, 8, 5, 744, 1252.52, .
.
508.515
476, 1, 0.9584, 1, 18, .
.
508.515, 16.957173017, 8, 5, 744, 1252.52, .
.
508.515
476, 2, 0.5584, 3, 6, .
.
508.515, 17.394390174, 8, 5, 744, 1252.52, .
.
508.515
476, 3, 0.3584, 2, 12, .
.
508.515, 16.215275334, 8, 5, 744, 1252.52, .
.
508.515
555, 1, 0.7011, 1, 19, .
.
508.515, 18.092469820, 8, 5, 744, 1252.52, .
.
508.515
555, 2, 0.3011, 3, 7, .
.
508.515, 16.555289889, 8, 5, 744, 1252.52, .
.
508.515
555, 3, 0.9011, 4, 1, .
.
508.515, 16.244468363, 8, 5, 744, 1252.52, .
.
508.515
581, 1, 0.2272, 4, 12, .
.
508.515, 17.951740725, 8, 5, 744, 1252.52, .
.
508.515
581, 2, 0.6272, 2, 0, .
.
508.515, 16.509029357, 8, 5, 744, 1252.52, .
.
508.515
581, 3, 0.4272, 1, 6, .
.
508.515, 16.063442725, 8, 5, 744, 1252.52, .
.
508.515
573, 1, 0.3584, 4, 7, .
.
508.515, 16.357601761, 8, 5, 744, 1252.52, .
.
508.515
573, 2, 0.7584, 2, 19, .
.
508.515, 16.074255149, 8, 5, 744, 1252.52, .
.
508.515
573, 3, 0.9584, 3, 1, .
.
508.515, 16.639866354, 8, 5, 744, 1252.52, .
.
508.515
