Parameters: Seed, ID, RCL, PERT, IDSEQ, Cost, ExecutionTime, LongestRoute, ShortestRoute, TransportCost, Profit, ObjectiveFunction
---------------------------------------------------------------------------
129, 1, 0.2230, 3, 23, .
.
65.877, 16.170744384, 28, 27, 147, 212.877, .
.
65.877
129, 2, 0.6230, 1, 11, .
.
65.877, 16.013570308, 28, 27, 147, 212.877, .
.
65.877
129, 3, 0.4230, 2, 5, .
.
65.877, 16.058390266, 28, 27, 147, 212.877, .
.
65.877
137, 1, 0.2502, 2, 0, .
.
65.877, 16.104602837, 28, 27, 147, 212.877, .
.
65.877
137, 2, 0.6502, 4, 12, .
.
65.877, 18.890950250, 28, 27, 147, 212.877, .
.
65.877
137, 3, 0.8502, 1, 6, .
.
65.877, 16.111478386, 28, 27, 147, 212.877, .
.
65.877
279, 1, 0.8393, 3, 6, .
.
65.877, 16.118720128, 28, 27, 147, 212.877, .
.
65.877
279, 2, 0.4393, 1, 18, .
.
65.877, 16.127812250, 28, 27, 147, 212.877, .
.
65.877
279, 3, 0.6393, 2, 12, .
.
65.877, 16.471373858, 28, 27, 147, 212.877, .
.
65.877
672, 1, 0.6027, 4, 23, .
.
65.877, 16.840978722, 28, 27, 147, 212.877, .
.
65.877
672, 2, 0.2027, 2, 11, .
.
65.877, 16.327534353, 28, 27, 147, 212.877, .
.
65.877
672, 3, 0.8027, 1, 5, .
.
65.877, 16.049082624, 28, 27, 147, 212.877, .
.
65.877
195, 1, 0.2461, 4, 5, .
.
65.877, 16.070517893, 28, 27, 147, 212.877, .
.
65.877
195, 2, 0.6461, 2, 17, .
.
65.877, 16.023612117, 28, 27, 147, 212.877, .
.
65.877
195, 3, 0.8461, 3, 11, .
.
65.877, 16.031352696, 28, 27, 147, 212.877, .
.
65.877
666, 1, 0.8435, 2, 18, .
.
65.877, 16.038450697, 28, 27, 147, 212.877, .
.
65.877
666, 2, 0.4435, 4, 6, .
.
65.877, 16.391476525, 28, 27, 147, 212.877, .
.
65.877
666, 3, 0.6435, 3, 0, .
.
65.877, 16.043699295, 28, 27, 147, 212.877, .
.
65.877
429, 1, 0.6188, 3, 17, .
.
65.877, 16.205323382, 28, 27, 147, 212.877, .
.
65.877
429, 2, 0.2188, 1, 5, .
.
65.877, 16.051779386, 28, 27, 147, 212.877, .
.
65.877
429, 3, 0.4188, 4, 23, .
.
65.877, 18.451430592, 28, 27, 147, 212.877, .
.
65.877
762, 1, 0.4346, 1, 3, .
.
65.877, 16.111192585, 28, 27, 147, 212.877, .
.
65.877
762, 2, 0.8346, 3, 15, .
.
65.877, 16.998329825, 28, 27, 147, 212.877, .
.
65.877
762, 3, 0.6346, 2, 9, .
.
65.877, 16.118615361, 28, 27, 147, 212.877, .
.
65.877
821, 1, 0.4837, 2, 0, .
.
65.877, 16.296370791, 28, 27, 147, 212.877, .
.
65.877
821, 2, 0.8837, 4, 12, .
.
65.877, 17.395249529, 28, 27, 147, 212.877, .
.
65.877
821, 3, 0.6837, 1, 6, .
.
65.877, 16.018404607, 28, 27, 147, 212.877, .
.
65.877
483, 1, 0.7864, 1, 5, .
.
65.877, 16.022279935, 28, 27, 147, 212.877, .
.
65.877
483, 2, 0.3864, 3, 17, .
.
65.877, 16.106594923, 28, 27, 147, 212.877, .
.
65.877
483, 3, 0.9864, 4, 23, .
.
65.877, 16.035287963, 28, 27, 147, 212.877, .
.
65.877
999, 1, 0.3017, 1, 7, .
.
65.877, 16.048087229, 28, 27, 147, 212.877, .
.
65.877
999, 2, 0.7017, 3, 19, .
.
65.877, 16.259950258, 28, 27, 147, 212.877, .
.
65.877
999, 3, 0.9017, 2, 1, .
.
65.877, 16.193065558, 28, 27, 147, 212.877, .
.
65.877
729, 1, 0.8516, 2, 3, .
.
65.877, 16.151346304, 28, 27, 147, 212.877, .
.
65.877
729, 2, 0.4516, 4, 15, .
.
65.877, 16.562156470, 28, 27, 147, 212.877, .
.
65.877
729, 3, 0.2516, 1, 9, .
.
65.877, 16.033078340, 28, 27, 147, 212.877, .
.
65.877
318, 1, 0.8753, 3, 11, .
.
65.877, 16.042688024, 28, 27, 147, 212.877, .
.
65.877
318, 2, 0.4753, 1, 23, .
.
65.877, 16.013927353, 28, 27, 147, 212.877, .
.
65.877
318, 3, 0.6753, 2, 17, .
.
65.877, 16.019839585, 28, 27, 147, 212.877, .
.
65.877
349, 1, 0.6645, 4, 19, .
.
65.877, 16.783621883, 28, 27, 147, 212.877, .
.
65.877
349, 2, 0.2645, 2, 7, .
.
65.877, 16.069400813, 28, 27, 147, 212.877, .
.
65.877
349, 3, 0.4645, 3, 13, .
.
65.877, 16.037137993, 28, 27, 147, 212.877, .
.
65.877
287, 1, 0.5167, 2, 8, .
.
65.877, 16.144073657, 28, 27, 147, 212.877, .
.
65.877
287, 2, 0.9167, 4, 20, .
.
65.877, 16.867888405, 28, 27, 147, 212.877, .
.
65.877
287, 3, 0.3167, 3, 14, .
.
65.877, 17.121092387, 28, 27, 147, 212.877, .
.
65.877
241, 1, 0.6007, 3, 22, .
.
65.877, 16.147347131, 28, 27, 147, 212.877, .
.
65.877
241, 2, 0.2007, 1, 10, .
.
65.877, 16.040091797, 28, 27, 147, 212.877, .
.
65.877
241, 3, 0.8007, 2, 4, .
.
65.877, 16.175620413, 28, 27, 147, 212.877, .
.
65.877
476, 1, 0.9584, 1, 18, .
.
65.877, 16.096239829, 28, 27, 147, 212.877, .
.
65.877
476, 2, 0.5584, 3, 6, .
.
65.877, 17.311863790, 28, 27, 147, 212.877, .
.
65.877
476, 3, 0.3584, 2, 12, .
.
65.877, 16.019939366, 28, 27, 147, 212.877, .
.
65.877
555, 1, 0.7011, 1, 19, .
.
65.877, 16.026449779, 28, 27, 147, 212.877, .
.
65.877
555, 2, 0.3011, 3, 7, .
.
65.877, 16.655578832, 28, 27, 147, 212.877, .
.
65.877
555, 3, 0.9011, 4, 1, .
.
65.877, 18.296723547, 28, 27, 147, 212.877, .
.
65.877
581, 1, 0.2272, 4, 12, .
.
65.877, 16.162317629, 28, 27, 147, 212.877, .
.
65.877
581, 2, 0.6272, 2, 0, .
.
65.877, 16.161217284, 28, 27, 147, 212.877, .
.
65.877
581, 3, 0.4272, 1, 6, .
.
65.877, 16.053629364, 28, 27, 147, 212.877, .
.
65.877
573, 1, 0.3584, 4, 7, .
.
65.877, 16.081721760, 28, 27, 147, 212.877, .
.
65.877
573, 2, 0.7584, 2, 19, .
.
65.877, 16.044697842, 28, 27, 147, 212.877, .
.
65.877
573, 3, 0.9584, 3, 1, .
.
65.877, 16.688349377, 28, 27, 147, 212.877, .
.
65.877
