Parameters: Seed, ID, RCL, PERT, IDSEQ, Cost, ExecutionTime, LongestRoute, ShortestRoute, TransportCost, Profit, ObjectiveFunction
---------------------------------------------------------------------------
129, 1, 0.2230, 3, 23, .
.
597.1, 16.010862457, 6, 4, 158, 755.1, .
.
597.1
129, 2, 0.6230, 1, 11, .
.
597.1, 16.009867558, 5, 5, 158, 755.1, .
.
597.1
129, 3, 0.4230, 2, 5, .
.
597.1, 16.012297758, 5, 5, 158, 755.1, .
.
597.1
137, 1, 0.2502, 2, 0, .
.
597.1, 16.012226032, 5, 5, 158, 755.1, .
.
597.1
137, 2, 0.6502, 4, 12, .
.
597.1, 16.011426295, 5, 5, 158, 755.1, .
.
597.1
137, 3, 0.8502, 1, 6, .
.
597.1, 16.009997791, 5, 5, 158, 755.1, .
.
597.1
279, 1, 0.8393, 3, 6, .
.
597.1, 16.012954869, 5, 5, 158, 755.1, .
.
597.1
279, 2, 0.4393, 1, 18, .
.
597.1, 16.015298541, 5, 5, 158, 755.1, .
.
597.1
279, 3, 0.6393, 2, 12, .
.
597.1, 16.011688317, 5, 5, 158, 755.1, .
.
597.1
672, 1, 0.6027, 4, 23, .
.
597.1, 16.017218408, 6, 4, 158, 755.1, .
.
597.1
672, 2, 0.2027, 2, 11, .
.
597.1, 16.012962302, 5, 5, 158, 755.1, .
.
597.1
672, 3, 0.8027, 1, 5, .
.
597.1, 16.012175685, 5, 5, 158, 755.1, .
.
597.1
195, 1, 0.2461, 4, 5, .
.
597.1, 16.014761715, 6, 4, 158, 755.1, .
.
597.1
195, 2, 0.6461, 2, 17, .
.
597.1, 16.009652114, 5, 5, 158, 755.1, .
.
597.1
195, 3, 0.8461, 3, 11, .
.
597.1, 16.010624801, 5, 5, 158, 755.1, .
.
597.1
666, 1, 0.8435, 2, 18, .
.
597.1, 16.014396486, 5, 5, 158, 755.1, .
.
597.1
666, 2, 0.4435, 4, 6, .
.
597.1, 16.014278896, 5, 5, 158, 755.1, .
.
597.1
666, 3, 0.6435, 3, 0, .
.
597.1, 16.013065430, 5, 5, 158, 755.1, .
.
597.1
429, 1, 0.6188, 3, 17, .
.
597.1, 16.010571889, 5, 5, 158, 755.1, .
.
597.1
429, 2, 0.2188, 1, 5, .
.
597.1, 16.009755735, 5, 5, 158, 755.1, .
.
597.1
429, 3, 0.4188, 4, 23, .
.
597.1, 16.013102985, 5, 5, 158, 755.1, .
.
597.1
762, 1, 0.4346, 1, 3, .
.
597.1, 16.010299161, 5, 5, 158, 755.1, .
.
597.1
762, 2, 0.8346, 3, 15, .
.
597.1, 16.009577383, 6, 4, 158, 755.1, .
.
597.1
762, 3, 0.6346, 2, 9, .
.
597.1, 16.013546300, 5, 5, 158, 755.1, .
.
597.1
821, 1, 0.4837, 2, 0, .
.
597.1, 16.012456016, 5, 5, 158, 755.1, .
.
597.1
821, 2, 0.8837, 4, 12, .
.
597.1, 16.012945412, 6, 4, 158, 755.1, .
.
597.1
821, 3, 0.6837, 1, 6, .
.
597.1, 16.009532902, 5, 5, 158, 755.1, .
.
597.1
483, 1, 0.7864, 1, 5, .
.
597.1, 16.010453607, 5, 5, 158, 755.1, .
.
597.1
483, 2, 0.3864, 3, 17, .
.
597.1, 16.012373688, 5, 5, 158, 755.1, .
.
597.1
483, 3, 0.9864, 4, 23, .
.
597.1, 16.015672746, 5, 5, 158, 755.1, .
.
597.1
999, 1, 0.3017, 1, 7, .
.
597.1, 16.015331459, 5, 5, 158, 755.1, .
.
597.1
999, 2, 0.7017, 3, 19, .
.
597.1, 16.012892890, 6, 4, 158, 755.1, .
.
597.1
999, 3, 0.9017, 2, 1, .
.
597.1, 16.012977465, 5, 5, 158, 755.1, .
.
597.1
729, 1, 0.8516, 2, 3, .
.
597.1, 16.010798018, 5, 5, 158, 755.1, .
.
597.1
729, 2, 0.4516, 4, 15, .
.
597.1, 16.013384780, 6, 4, 158, 755.1, .
.
597.1
729, 3, 0.2516, 1, 9, .
.
597.1, 16.012065625, 5, 5, 158, 755.1, .
.
597.1
318, 1, 0.8753, 3, 11, .
.
597.1, 16.010299178, 5, 5, 158, 755.1, .
.
597.1
318, 2, 0.4753, 1, 23, .
.
597.1, 16.014999684, 5, 5, 158, 755.1, .
.
597.1
318, 3, 0.6753, 2, 17, .
.
597.1, 16.010481870, 5, 5, 158, 755.1, .
.
597.1
349, 1, 0.6645, 4, 19, .
.
597.1, 16.015491215, 5, 5, 158, 755.1, .
.
597.1
349, 2, 0.2645, 2, 7, .
.
597.1, 16.008147979, 5, 5, 158, 755.1, .
.
597.1
349, 3, 0.4645, 3, 13, .
.
597.1, 16.013589840, 6, 4, 158, 755.1, .
.
597.1
287, 1, 0.5167, 2, 8, .
.
597.1, 16.011904602, 5, 5, 158, 755.1, .
.
597.1
287, 2, 0.9167, 4, 20, .
.
597.1, 16.014945631, 5, 5, 158, 755.1, .
.
597.1
287, 3, 0.3167, 3, 14, .
.
597.1, 16.013706704, 5, 5, 158, 755.1, .
.
597.1
241, 1, 0.6007, 3, 22, .
.
597.1, 16.012924719, 5, 5, 158, 755.1, .
.
597.1
241, 2, 0.2007, 1, 10, .
.
597.1, 16.009121096, 6, 4, 158, 755.1, .
.
597.1
241, 3, 0.8007, 2, 4, .
.
597.1, 16.012336614, 5, 5, 158, 755.1, .
.
597.1
476, 1, 0.9584, 1, 18, .
.
597.1, 16.014429464, 5, 5, 158, 755.1, .
.
597.1
476, 2, 0.5584, 3, 6, .
.
597.1, 16.012745004, 6, 4, 158, 755.1, .
.
597.1
476, 3, 0.3584, 2, 12, .
.
597.1, 16.012566757, 5, 5, 158, 755.1, .
.
597.1
555, 1, 0.7011, 1, 19, .
.
597.1, 16.009489672, 6, 4, 158, 755.1, .
.
597.1
555, 2, 0.3011, 3, 7, .
.
597.1, 16.015076739, 6, 4, 158, 755.1, .
.
597.1
555, 3, 0.9011, 4, 1, .
.
597.1, 16.015721461, 5, 5, 158, 755.1, .
.
597.1
581, 1, 0.2272, 4, 12, .
.
597.1, 16.014156658, 5, 5, 158, 755.1, .
.
597.1
581, 2, 0.6272, 2, 0, .
.
597.1, 16.009973491, 5, 5, 158, 755.1, .
.
597.1
581, 3, 0.4272, 1, 6, .
.
597.1, 16.011151047, 5, 5, 158, 755.1, .
.
597.1
573, 1, 0.3584, 4, 7, .
.
597.1, 16.015161653, 5, 5, 158, 755.1, .
.
597.1
573, 2, 0.7584, 2, 19, .
.
597.1, 16.012623761, 6, 4, 158, 755.1, .
.
597.1
573, 3, 0.9584, 3, 1, .
.
597.1, 16.015767782, 5, 5, 158, 755.1, .
.
597.1
