Parameters: Seed, ID, RCL, PERT, IDSEQ, Cost, ExecutionTime, LongestRoute, ShortestRoute, TransportCost, Profit, ObjectiveFunction
---------------------------------------------------------------------------
129, 22, 0.2980, 4, 12, .
.
966.855, 19.379383461, 19, 8, 270, 1236.85, .
.
966.855
129, 174, 0.2981, 4, 12, .
.
966.855, 19.279617556, 19, 8, 270, 1236.85, .
.
966.855
129, 297, 0.2975, 4, 12, .
.
966.855, 19.283138321, 19, 8, 270, 1236.85, .
.
966.855
129, 161, 0.4308, 4, 8, .
.
966.855, 21.835166290, 18, 8, 270, 1236.85, .
.
966.855
129, 255, 0.4320, 4, 8, .
.
966.855, 21.585557185, 18, 8, 270, 1236.85, .
.
966.855
129, 211, 0.6919, 4, 22, .
.
967.855, 37.864100824, 18, 8, 269, 1236.85, .
.
967.855
129, 230, 0.6911, 4, 22, .
.
967.855, 37.923892996, 18, 8, 269, 1236.85, .
.
967.855
129, 267, 0.6903, 4, 22, .
.
967.855, 38.008542738, 18, 8, 269, 1236.85, .
.
967.855
129, 240, 0.7823, 4, 18, .
.
963.855, 25.783695371, 16, 8, 273, 1236.85, .
.
963.855
129, 244, 0.7412, 4, 20, .
.
967.855, 27.986085880, 19, 8, 269, 1236.85, .
.
967.855
137, 268, 0.2384, 4, 21, .
.
967.855, 20.866210118, 19, 8, 269, 1236.85, .
.
967.855
137, 154, 0.2536, 4, 22, .
.
967.855, 28.315739470, 19, 9, 269, 1236.85, .
.
967.855
137, 276, 0.3972, 4, 18, .
.
967.855, 30.481321133, 19, 8, 269, 1236.85, .
.
967.855
137, 259, 0.2390, 4, 19, .
.
967.855, 36.219285885, 19, 8, 269, 1236.85, .
.
967.855
137, 252, 0.3551, 4, 7, .
.
967.855, 27.574122246, 18, 8, 269, 1236.85, .
.
967.855
279, 133, 0.2875, 4, 14, .
.
967.855, 21.688212070, 19, 8, 269, 1236.85, .
.
967.855
279, 207, 0.2873, 4, 14, .
.
967.855, 21.685110281, 19, 8, 269, 1236.85, .
.
967.855
279, 239, 0.2890, 4, 14, .
.
967.855, 21.693273586, 19, 8, 269, 1236.85, .
.
967.855
279, 168, 0.4726, 4, 12, .
.
966.855, 19.134013210, 19, 8, 270, 1236.85, .
.
966.855
279, 250, 0.3026, 4, 15, .
.
967.855, 26.218933951, 19, 8, 269, 1236.85, .
.
967.855
672, 36, 0.8152, 4, 9, .
.
967.855, 22.334046542, 19, 8, 269, 1236.85, .
.
967.855
672, 265, 0.8732, 4, 10, .
.
967.855, 35.744665949, 18, 9, 269, 1236.85, .
.
967.855
672, 150, 0.7503, 4, 11, .
.
967.855, 27.186896022, 19, 9, 269, 1236.85, .
.
967.855
672, 230, 0.7604, 4, 10, .
.
967.855, 32.452802794, 19, 8, 269, 1236.85, .
.
967.855
672, 165, 0.7551, 4, 11, .
.
967.855, 27.283246727, 19, 9, 269, 1236.85, .
.
967.855
195, 275, 0.3740, 4, 1, .
.
967.855, 38.756074326, 18, 8, 269, 1236.85, .
.
967.855
195, 276, 0.3727, 4, 1, .
.
967.855, 38.588046709, 18, 8, 269, 1236.85, .
.
967.855
195, 288, 0.3749, 4, 1, .
.
967.855, 39.106482266, 18, 8, 269, 1236.85, .
.
967.855
195, 198, 0.3209, 4, 0, .
.
967.855, 25.232908776, 19, 8, 269, 1236.85, .
.
967.855
195, 71, 0.3774, 4, 2, .
.
967.855, 37.432236121, 19, 8, 269, 1236.85, .
.
967.855
195, 237, 0.3780, 4, 2, .
.
967.855, 37.713665335, 19, 8, 269, 1236.85, .
.
967.855
666, 211, 0.5855, 4, 22, .
.
967.855, 27.024090875, 20, 8, 269, 1236.85, .
.
967.855
666, 250, 0.2220, 4, 7, .
.
966.855, 18.637808803, 19, 8, 270, 1236.85, .
.
966.855
666, 281, 0.5217, 4, 19, .
.
967.855, 24.813773502, 21, 8, 269, 1236.85, .
.
967.855
666, 242, 0.2981, 4, 5, .
.
967.855, 23.470176442, 20, 8, 269, 1236.85, .
.
967.855
666, 18, 0.5185, 4, 19, .
.
967.855, 20.427454163, 21, 8, 269, 1236.85, .
.
967.855
666, 276, 0.5181, 4, 19, .
.
967.855, 20.619847142, 21, 8, 269, 1236.85, .
.
967.855
666, 283, 0.5208, 4, 19, .
.
967.855, 24.316612582, 21, 8, 269, 1236.85, .
.
967.855
666, 307, 0.2214, 4, 7, .
.
966.855, 18.919216615, 19, 8, 270, 1236.85, .
.
966.855
666, 284, 0.2197, 4, 7, .
.
966.855, 18.886671798, 19, 8, 270, 1236.85, .
.
966.855
429, 36, 0.9563, 4, 19, .
.
967.855, 33.029632155, 21, 8, 269, 1236.85, .
.
967.855
429, 220, 0.9568, 4, 19, .
.
967.855, 33.367612184, 21, 8, 269, 1236.85, .
.
967.855
429, 236, 0.8662, 4, 22, .
.
967.855, 20.741997070, 17, 8, 269, 1236.85, .
.
967.855
429, 137, 0.9564, 4, 19, .
.
967.855, 33.090913103, 21, 8, 269, 1236.85, .
.
967.855
762, 185, 0.8029, 4, 6, .
.
967.855, 28.529208850, 18, 8, 269, 1236.85, .
.
967.855
762, 210, 0.8031, 4, 6, .
.
967.855, 28.352286604, 18, 8, 269, 1236.85, .
.
967.855
762, 169, 0.6050, 4, 6, .
.
967.855, 24.519475509, 19, 8, 269, 1236.85, .
.
967.855
762, 248, 0.8823, 4, 4, .
.
967.855, 27.385140582, 17, 8, 269, 1236.85, .
.
967.855
762, 265, 0.6313, 4, 13, .
.
967.855, 24.888733508, 20, 8, 269, 1236.85, .
.
967.855
821, 163, 0.5025, 4, 11, .
.
967.855, 26.853297804, 19, 9, 269, 1236.85, .
.
967.855
821, 102, 0.4774, 4, 12, .
.
967.855, 27.258161423, 17, 8, 269, 1236.85, .
.
967.855
821, 197, 0.5752, 4, 21, .
.
967.855, 22.417475135, 20, 8, 269, 1236.85, .
.
967.855
821, 222, 0.5746, 4, 21, .
.
967.855, 22.896018159, 20, 8, 269, 1236.85, .
.
967.855
821, 255, 0.4387, 4, 13, .
.
967.855, 33.938258121, 18, 10, 269, 1236.85, .
.
967.855
821, 202, 0.5109, 4, 11, .
.
967.855, 26.775722582, 19, 9, 269, 1236.85, .
.
967.855
821, 302, 0.5030, 4, 11, .
.
967.855, 26.430484543, 19, 9, 269, 1236.85, .
.
967.855
821, 239, 0.4767, 4, 12, .
.
967.855, 27.123115585, 17, 8, 269, 1236.85, .
.
967.855
483, 112, 0.7972, 4, 8, .
.
967.855, 22.636581581, 19, 10, 269, 1236.85, .
.
967.855
483, 201, 0.7990, 4, 8, .
.
967.855, 22.589238835, 19, 10, 269, 1236.85, .
.
967.855
483, 172, 0.9433, 4, 11, .
.
967.855, 20.344546892, 19, 8, 269, 1236.85, .
.
967.855
483, 150, 0.8997, 4, 7, .
.
967.855, 27.099894870, 19, 10, 269, 1236.85, .
.
967.855
483, 247, 0.8995, 4, 7, .
.
967.855, 27.158020461, 19, 10, 269, 1236.85, .
.
967.855
483, 120, 0.8818, 4, 10, .
.
967.855, 29.242726263, 19, 8, 269, 1236.85, .
.
967.855
483, 219, 0.8819, 4, 10, .
.
967.855, 29.045483002, 19, 8, 269, 1236.85, .
.
967.855
483, 247, 0.8810, 4, 10, .
.
967.855, 29.333018023, 19, 8, 269, 1236.85, .
.
967.855
483, 177, 0.7538, 4, 11, .
.
966.855, 22.518888233, 19, 8, 270, 1236.85, .
.
966.855
999, 157, 0.9492, 4, 10, .
.
966.855, 22.292194271, 18, 8, 270, 1236.85, .
.
966.855
999, 127, 0.9285, 4, 11, .
.
967.855, 22.050700267, 19, 9, 269, 1236.85, .
.
967.855
999, 144, 0.9890, 4, 16, .
.
967.855, 23.782104359, 19, 8, 269, 1236.85, .
.
967.855
729, 277, 0.9331, 4, 3, .
.
967.855, 20.144911057, 21, 8, 269, 1236.85, .
.
967.855
729, 120, 0.9932, 4, 3, .
.
967.855, 29.282657234, 19, 8, 269, 1236.85, .
.
967.855
729, 175, 0.9937, 4, 3, .
.
967.855, 29.206603730, 19, 8, 269, 1236.85, .
.
967.855
318, 244, 0.8984, 4, 16, .
.
967.855, 29.032870738, 18, 9, 269, 1236.85, .
.
967.855
318, 154, 0.8130, 4, 17, .
.
967.855, 22.195675772, 19, 8, 269, 1236.85, .
.
967.855
318, 210, 0.8145, 4, 17, .
.
967.855, 21.978958754, 19, 8, 269, 1236.85, .
.
967.855
318, 229, 0.8625, 4, 21, .
.
967.855, 27.830927048, 21, 8, 269, 1236.85, .
.
967.855
318, 230, 0.5983, 4, 8, .
.
967.855, 33.390587864, 20, 8, 269, 1236.85, .
.
967.855
318, 136, 0.8988, 4, 16, .
.
967.855, 29.019207240, 18, 9, 269, 1236.85, .
.
967.855
318, 217, 0.8838, 4, 18, .
.
967.855, 25.810715111, 19, 8, 269, 1236.85, .
.
967.855
318, 221, 0.6433, 4, 15, .
.
967.855, 30.201968827, 20, 8, 269, 1236.85, .
.
967.855
318, 133, 0.7930, 4, 19, .
.
967.855, 30.215787236, 20, 8, 269, 1236.85, .
.
967.855
349, 211, 0.4965, 4, 6, .
.
967.855, 22.129932645, 19, 9, 269, 1236.85, .
.
967.855
349, 227, 0.4912, 4, 6, .
.
967.855, 22.403762921, 19, 9, 269, 1236.85, .
.
967.855
349, 244, 0.4879, 4, 6, .
.
967.855, 21.842546307, 19, 9, 269, 1236.85, .
.
967.855
287, 103, 0.9480, 4, 16, .
.
967.855, 18.602104979, 19, 8, 269, 1236.85, .
.
967.855
287, 140, 0.3496, 4, 8, .
.
967.855, 37.502222316, 19, 10, 269, 1236.85, .
.
967.855
287, 187, 0.2096, 4, 7, .
.
967.855, 30.931251103, 19, 8, 269, 1236.85, .
.
967.855
287, 302, 0.9429, 4, 16, .
.
967.855, 25.847534490, 20, 8, 269, 1236.85, .
.
967.855
287, 276, 0.9432, 4, 16, .
.
967.855, 25.509152586, 20, 8, 269, 1236.85, .
.
967.855
287, 209, 0.6688, 4, 14, .
.
967.855, 23.179850122, 19, 8, 269, 1236.85, .
.
967.855
241, 250, 0.7215, 4, 14, .
.
965.855, 27.116476716, 19, 8, 271, 1236.85, .
.
965.855
241, 140, 0.8830, 4, 7, .
.
967.855, 31.867670579, 19, 8, 269, 1236.85, .
.
967.855
241, 242, 0.6470, 4, 11, .
.
967.855, 21.767385150, 21, 8, 269, 1236.85, .
.
967.855
241, 112, 0.8077, 4, 20, .
.
967.855, 22.780130298, 21, 8, 269, 1236.85, .
.
967.855
241, 218, 0.8191, 4, 19, .
.
967.855, 25.920696137, 19, 8, 269, 1236.85, .
.
967.855
241, 144, 0.2857, 4, 19, .
.
967.855, 34.956436471, 20, 8, 269, 1236.85, .
.
967.855
241, 258, 0.4384, 4, 21, .
.
966.855, 28.173031775, 19, 8, 270, 1236.85, .
.
966.855
241, 57, 0.3382, 4, 17, .
.
966.855, 24.113793875, 18, 8, 270, 1236.85, .
.
966.855
476, 113, 0.7267, 4, 5, .
.
967.855, 31.242614825, 20, 8, 269, 1236.85, .
.
967.855
476, 183, 0.5166, 4, 3, .
.
967.855, 38.739460164, 18, 8, 269, 1236.85, .
.
967.855
476, 206, 0.5400, 4, 2, .
.
967.855, 27.388745235, 18, 8, 269, 1236.85, .
.
967.855
476, 274, 0.5243, 4, 12, .
.
967.855, 20.115129503, 19, 8, 269, 1236.85, .
.
967.855
476, 290, 0.5224, 4, 12, .
.
967.855, 26.581422780, 19, 8, 269, 1236.85, .
.
967.855
476, 119, 0.5062, 4, 11, .
.
967.855, 29.632417605, 18, 8, 269, 1236.85, .
.
967.855
555, 246, 0.7267, 4, 3, .
.
967.855, 26.690512336, 19, 9, 269, 1236.85, .
.
967.855
555, 198, 0.5495, 4, 0, .
.
967.855, 38.368961498, 17, 8, 269, 1236.85, .
.
967.855
555, 204, 0.5488, 4, 0, .
.
967.855, 38.253592641, 17, 8, 269, 1236.85, .
.
967.855
555, 289, 0.7271, 4, 3, .
.
967.855, 27.941369235, 19, 8, 269, 1236.85, .
.
967.855
581, 155, 0.2368, 4, 12, .
.
967.855, 19.883305134, 18, 8, 269, 1236.85, .
.
967.855
581, 126, 0.6942, 4, 5, .
.
967.855, 42.867899441, 21, 8, 269, 1236.85, .
.
967.855
581, 280, 0.6892, 4, 6, .
.
967.855, 20.355431170, 19, 8, 269, 1236.85, .
.
967.855
581, 119, 0.3096, 4, 14, .
.
967.855, 24.471191612, 19, 8, 269, 1236.85, .
.
967.855
581, 251, 0.3060, 4, 18, .
.
967.855, 23.003296370, 19, 10, 269, 1236.85, .
.
967.855
573, 220, 0.8939, 4, 9, .
.
967.855, 30.425961670, 19, 8, 269, 1236.85, .
.
967.855
573, 198, 0.8698, 4, 9, .
.
967.855, 24.971423422, 20, 8, 269, 1236.85, .
.
967.855
573, 219, 0.9723, 4, 7, .
.
967.855, 27.769611839, 19, 8, 269, 1236.85, .
.
967.855
573, 168, 0.2990, 4, 2, .
.
967.855, 25.046181083, 20, 8, 269, 1236.85, .
.
967.855
573, 232, 0.7071, 4, 11, .
.
967.855, 24.403830304, 19, 8, 269, 1236.85, .
.
967.855
573, 251, 0.8990, 4, 8, .
.
967.855, 19.690229907, 19, 9, 269, 1236.85, .
.
967.855
