Parameters: Seed, ID, RCL, PERT, IDSEQ, Cost, ExecutionTime, LongestRoute, ShortestRoute, TransportCost, Profit, ObjectiveFunction
---------------------------------------------------------------------------
129, 204, 0.6580, 4, 9, .
.
634.982, 24.991566077, 10, 3, 239, 873.982, .
.
634.982
129, 195, 0.6123, 4, 16, .
.
634.982, 17.875010352, 10, 3, 239, 873.982, .
.
634.982
129, 280, 0.6145, 4, 16, .
.
634.982, 17.869112243, 10, 3, 239, 873.982, .
.
634.982
129, 75, 0.6918, 4, 12, .
.
634.982, 18.525972528, 10, 3, 239, 873.982, .
.
634.982
129, 208, 0.6140, 4, 16, .
.
634.982, 17.854628775, 10, 3, 239, 873.982, .
.
634.982
129, 254, 0.6142, 4, 16, .
.
634.982, 18.175333995, 10, 3, 239, 873.982, .
.
634.982
137, 227, 0.2404, 4, 16, .
.
634.982, 28.477321914, 10, 3, 239, 873.982, .
.
634.982
137, 270, 0.2453, 4, 16, .
.
634.982, 28.761215783, 10, 3, 239, 873.982, .
.
634.982
137, 200, 0.5546, 3, 4, .
.
634.982, 18.173023810, 10, 3, 239, 873.982, .
.
634.982
137, 255, 0.2462, 4, 16, .
.
634.982, 29.124386424, 10, 3, 239, 873.982, .
.
634.982
137, 221, 0.3694, 4, 16, .
.
634.982, 20.394661492, 10, 3, 239, 873.982, .
.
634.982
137, 118, 0.7866, 4, 3, .
.
634.982, 20.048892048, 10, 3, 239, 873.982, .
.
634.982
137, 218, 0.2466, 4, 16, .
.
634.982, 28.818155563, 10, 3, 239, 873.982, .
.
634.982
137, 219, 0.2464, 4, 16, .
.
634.982, 28.897978021, 10, 3, 239, 873.982, .
.
634.982
137, 245, 0.2372, 4, 16, .
.
634.982, 28.455669736, 10, 3, 239, 873.982, .
.
634.982
279, 219, 0.4148, 4, 7, .
.
634.982, 21.899963129, 10, 3, 239, 873.982, .
.
634.982
279, 114, 0.7014, 4, 17, .
.
634.982, 24.739962035, 10, 3, 239, 873.982, .
.
634.982
279, 191, 0.5117, 4, 0, .
.
634.982, 21.926335197, 10, 3, 239, 873.982, .
.
634.982
279, 208, 0.5229, 4, 0, .
.
634.982, 21.987220507, 10, 3, 239, 873.982, .
.
634.982
672, 222, 0.5523, 4, 22, .
.
634.982, 18.146644086, 10, 3, 239, 873.982, .
.
634.982
672, 1, 0.6027, 4, 23, .
.
634.982, 18.240562835, 10, 3, 239, 873.982, .
.
634.982
672, 150, 0.6043, 4, 23, .
.
634.982, 18.424475653, 10, 3, 239, 873.982, .
.
634.982
672, 120, 0.5409, 4, 19, .
.
634.982, 18.972631756, 10, 3, 239, 873.982, .
.
634.982
672, 211, 0.5434, 4, 19, .
.
634.982, 18.903103568, 10, 3, 239, 873.982, .
.
634.982
672, 226, 0.5453, 4, 19, .
.
634.982, 19.144944855, 10, 3, 239, 873.982, .
.
634.982
195, 186, 0.9972, 4, 19, .
.
634.982, 20.824262161, 10, 3, 239, 873.982, .
.
634.982
195, 255, 0.9779, 4, 19, .
.
634.982, 20.166197219, 10, 3, 239, 873.982, .
.
634.982
195, 168, 0.2270, 3, 20, .
.
634.982, 17.646719937, 10, 3, 239, 873.982, .
.
634.982
195, 237, 0.3296, 4, 4, .
.
634.982, 20.468640187, 10, 3, 239, 873.982, .
.
634.982
195, 151, 0.4104, 4, 3, .
.
634.982, 20.066538668, 10, 3, 239, 873.982, .
.
634.982
195, 114, 0.2249, 3, 20, .
.
634.982, 17.715239976, 10, 3, 239, 873.982, .
.
634.982
195, 216, 0.4025, 4, 3, .
.
634.982, 20.465125607, 10, 3, 239, 873.982, .
.
634.982
195, 291, 0.4071, 4, 3, .
.
634.982, 20.065691606, 10, 3, 239, 873.982, .
.
634.982
195, 171, 0.3110, 4, 4, .
.
634.982, 24.780771168, 10, 3, 239, 873.982, .
.
634.982
666, 165, 0.8882, 4, 22, .
.
634.982, 18.508768872, 10, 3, 239, 873.982, .
.
634.982
666, 226, 0.8835, 4, 22, .
.
634.982, 18.512589496, 10, 3, 239, 873.982, .
.
634.982
666, 234, 0.8873, 4, 22, .
.
634.982, 18.618917214, 10, 3, 239, 873.982, .
.
634.982
666, 18, 0.5185, 4, 19, .
.
634.982, 17.666515284, 10, 3, 239, 873.982, .
.
634.982
666, 129, 0.5129, 4, 19, .
.
634.982, 17.594681063, 10, 3, 239, 873.982, .
.
634.982
666, 200, 0.5124, 4, 19, .
.
634.982, 17.571958764, 10, 3, 239, 873.982, .
.
634.982
666, 126, 0.9047, 4, 1, .
.
634.982, 26.566722675, 10, 3, 239, 873.982, .
.
634.982
666, 255, 0.9067, 4, 1, .
.
634.982, 26.141198334, 10, 3, 239, 873.982, .
.
634.982
666, 272, 0.9052, 4, 1, .
.
634.982, 26.580006246, 10, 3, 239, 873.982, .
.
634.982
429, 88, 0.3626, 4, 6, .
.
634.982, 19.674095628, 10, 3, 239, 873.982, .
.
634.982
429, 212, 0.3635, 4, 6, .
.
634.982, 19.899812781, 10, 3, 239, 873.982, .
.
634.982
429, 232, 0.3587, 4, 6, .
.
634.982, 19.357408620, 10, 3, 239, 873.982, .
.
634.982
429, 118, 0.5266, 4, 21, .
.
634.982, 17.458556104, 10, 3, 239, 873.982, .
.
634.982
429, 166, 0.4469, 4, 16, .
.
634.982, 17.481165360, 10, 3, 239, 873.982, .
.
634.982
429, 250, 0.3591, 4, 6, .
.
634.982, 19.609394908, 10, 3, 239, 873.982, .
.
634.982
429, 263, 0.3634, 4, 6, .
.
634.982, 19.646380653, 10, 3, 239, 873.982, .
.
634.982
762, 146, 0.8885, 4, 20, .
.
634.982, 19.496998747, 10, 3, 239, 873.982, .
.
634.982
762, 289, 0.8622, 4, 20, .
.
634.982, 19.194301505, 10, 3, 239, 873.982, .
.
634.982
762, 27, 0.6096, 4, 13, .
.
634.982, 20.402334174, 10, 3, 239, 873.982, .
.
634.982
821, 161, 0.4869, 4, 19, .
.
634.982, 18.105750224, 10, 3, 239, 873.982, .
.
634.982
821, 226, 0.4768, 4, 19, .
.
634.982, 18.489331356, 10, 3, 239, 873.982, .
.
634.982
821, 228, 0.4837, 4, 19, .
.
634.982, 18.183157491, 10, 3, 239, 873.982, .
.
634.982
821, 231, 0.4565, 4, 6, .
.
634.982, 18.190506202, 10, 3, 239, 873.982, .
.
634.982
821, 251, 0.4567, 4, 6, .
.
634.982, 18.172813900, 10, 3, 239, 873.982, .
.
634.982
483, 229, 0.5624, 4, 22, .
.
634.982, 21.115210230, 10, 3, 239, 873.982, .
.
634.982
483, 48, 0.6739, 4, 22, .
.
634.982, 28.427612029, 10, 3, 239, 873.982, .
.
634.982
483, 179, 0.6693, 4, 22, .
.
634.982, 28.477996932, 10, 3, 239, 873.982, .
.
634.982
483, 231, 0.7883, 4, 20, .
.
634.982, 28.998188633, 10, 3, 239, 873.982, .
.
634.982
483, 235, 0.5572, 4, 22, .
.
634.982, 20.924535466, 10, 3, 239, 873.982, .
.
634.982
999, 238, 0.7033, 3, 15, .
.
634.982, 19.015770139, 10, 3, 239, 873.982, .
.
634.982
999, 253, 0.7054, 3, 15, .
.
634.982, 19.021006679, 10, 3, 239, 873.982, .
.
634.982
999, 290, 0.7038, 3, 15, .
.
634.982, 18.954335189, 10, 3, 239, 873.982, .
.
634.982
999, 264, 0.8124, 4, 13, .
.
634.982, 17.292011150, 10, 3, 239, 873.982, .
.
634.982
999, 303, 0.8032, 4, 13, .
.
634.982, 17.259701235, 10, 3, 239, 873.982, .
.
634.982
999, 300, 0.8118, 4, 14, .
.
634.982, 30.067788624, 10, 3, 239, 873.982, .
.
634.982
999, 143, 0.9089, 4, 20, .
.
634.982, 19.494270047, 10, 3, 239, 873.982, .
.
634.982
999, 201, 0.9037, 4, 20, .
.
634.982, 19.404901038, 10, 3, 239, 873.982, .
.
634.982
999, 216, 0.9083, 4, 20, .
.
634.982, 19.331489133, 10, 3, 239, 873.982, .
.
634.982
999, 121, 0.5398, 3, 15, .
.
634.982, 34.072037114, 10, 3, 239, 873.982, .
.
634.982
999, 222, 0.7058, 3, 15, .
.
634.982, 19.024274370, 10, 3, 239, 873.982, .
.
634.982
999, 280, 0.5359, 3, 15, .
.
634.982, 17.594269617, 10, 3, 239, 873.982, .
.
634.982
999, 303, 0.5358, 3, 15, .
.
634.982, 17.493463977, 10, 3, 239, 873.982, .
.
634.982
729, 120, 0.3436, 4, 10, .
.
634.982, 18.562221308, 10, 3, 239, 873.982, .
.
634.982
729, 201, 0.3017, 4, 2, .
.
634.982, 17.921819908, 10, 3, 239, 873.982, .
.
634.982
729, 234, 0.2414, 4, 1, .
.
634.982, 21.132224157, 10, 3, 239, 873.982, .
.
634.982
729, 200, 0.3382, 4, 10, .
.
634.982, 18.504851447, 10, 3, 239, 873.982, .
.
634.982
318, 247, 0.6742, 4, 20, .
.
634.982, 18.651005521, 10, 3, 239, 873.982, .
.
634.982
318, 283, 0.6749, 4, 20, .
.
634.982, 18.739108112, 10, 3, 239, 873.982, .
.
634.982
318, 239, 0.8864, 4, 19, .
.
634.982, 31.179386917, 10, 3, 239, 873.982, .
.
634.982
349, 195, 0.7610, 4, 13, .
.
634.982, 19.836056231, 10, 3, 239, 873.982, .
.
634.982
349, 296, 0.7570, 4, 13, .
.
634.982, 19.892301381, 10, 3, 239, 873.982, .
.
634.982
349, 150, 0.8892, 4, 8, .
.
634.982, 17.043086431, 10, 3, 239, 873.982, .
.
634.982
349, 129, 0.6069, 4, 13, .
.
634.982, 22.095324395, 10, 3, 239, 873.982, .
.
634.982
349, 256, 0.6459, 4, 16, .
.
634.982, 18.623027794, 10, 3, 239, 873.982, .
.
634.982
349, 223, 0.5965, 4, 14, .
.
634.982, 16.751281559, 10, 3, 239, 873.982, .
.
634.982
349, 150, 0.8850, 4, 7, .
.
634.982, 30.282343603, 10, 3, 239, 873.982, .
.
634.982
349, 221, 0.8880, 4, 7, .
.
634.982, 30.012175384, 10, 3, 239, 873.982, .
.
634.982
349, 235, 0.8845, 4, 7, .
.
634.982, 30.045161118, 10, 3, 239, 873.982, .
.
634.982
349, 207, 0.6070, 4, 13, .
.
634.982, 22.270304196, 10, 3, 239, 873.982, .
.
634.982
349, 228, 0.6046, 4, 13, .
.
634.982, 22.109202546, 10, 3, 239, 873.982, .
.
634.982
287, 114, 0.5554, 4, 18, .
.
634.982, 22.463469109, 10, 3, 239, 873.982, .
.
634.982
287, 255, 0.5533, 4, 18, .
.
634.982, 22.457448591, 10, 3, 239, 873.982, .
.
634.982
287, 305, 0.5532, 4, 18, .
.
634.982, 22.529116435, 10, 3, 239, 873.982, .
.
634.982
287, 285, 0.4462, 4, 18, .
.
633.983, 18.871172255, 12, 3, 240, 873.983, .
.
633.983
287, 31, 0.5417, 4, 17, .
.
633.983, 20.924839596, 9, 3, 240, 873.983, .
.
633.983
287, 190, 0.5441, 4, 17, .
.
633.983, 20.972662445, 9, 3, 240, 873.983, .
.
633.983
287, 125, 0.7076, 4, 18, .
.
634.982, 18.474785647, 10, 3, 239, 873.982, .
.
634.982
287, 209, 0.7109, 4, 18, .
.
634.982, 18.321575390, 10, 3, 239, 873.982, .
.
634.982
287, 289, 0.7134, 4, 18, .
.
634.982, 18.222119731, 10, 3, 239, 873.982, .
.
634.982
241, 120, 0.7014, 4, 20, .
.
634.982, 17.781529295, 10, 3, 239, 873.982, .
.
634.982
241, 132, 0.7914, 4, 19, .
.
634.982, 17.107322315, 10, 3, 239, 873.982, .
.
634.982
241, 335, 0.7970, 4, 19, .
.
634.982, 17.200387605, 10, 3, 239, 873.982, .
.
634.982
476, 169, 0.3084, 4, 3, .
.
634.982, 17.578387396, 10, 3, 239, 873.982, .
.
634.982
476, 239, 0.3115, 4, 3, .
.
634.982, 17.430832998, 10, 3, 239, 873.982, .
.
634.982
476, 272, 0.3114, 4, 3, .
.
634.982, 17.481237894, 10, 3, 239, 873.982, .
.
634.982
476, 152, 0.5057, 4, 7, .
.
634.982, 19.638516638, 10, 3, 239, 873.982, .
.
634.982
476, 213, 0.6725, 4, 5, .
.
634.982, 17.897186601, 10, 3, 239, 873.982, .
.
634.982
476, 216, 0.6757, 4, 5, .
.
634.982, 18.003901363, 10, 3, 239, 873.982, .
.
634.982
555, 81, 0.6574, 4, 16, .
.
634.982, 37.252730604, 10, 3, 239, 873.982, .
.
634.982
555, 142, 0.6623, 4, 16, .
.
634.982, 37.241658515, 10, 3, 239, 873.982, .
.
634.982
555, 221, 0.6625, 4, 16, .
.
634.982, 37.294573789, 10, 3, 239, 873.982, .
.
634.982
555, 223, 0.6576, 4, 16, .
.
634.982, 37.229727580, 10, 3, 239, 873.982, .
.
634.982
555, 225, 0.6817, 4, 19, .
.
634.982, 19.031550956, 10, 3, 239, 873.982, .
.
634.982
555, 224, 0.6585, 4, 16, .
.
634.982, 37.235609008, 10, 3, 239, 873.982, .
.
634.982
581, 104, 0.8835, 4, 20, .
.
634.982, 20.417806566, 10, 3, 239, 873.982, .
.
634.982
581, 226, 0.8845, 4, 20, .
.
634.982, 20.487663533, 10, 3, 239, 873.982, .
.
634.982
581, 259, 0.8961, 4, 19, .
.
634.982, 21.340476378, 10, 3, 239, 873.982, .
.
634.982
581, 192, 0.8074, 4, 16, .
.
634.982, 22.834468360, 10, 3, 239, 873.982, .
.
634.982
581, 59, 0.7897, 4, 15, .
.
634.982, 21.279241602, 10, 3, 239, 873.982, .
.
634.982
581, 241, 0.7987, 4, 15, .
.
634.982, 21.397957330, 10, 3, 239, 873.982, .
.
634.982
573, 221, 0.6925, 4, 12, .
.
634.982, 17.543140166, 10, 3, 239, 873.982, .
.
634.982
573, 269, 0.5635, 4, 9, .
.
634.982, 18.341294103, 10, 3, 239, 873.982, .
.
634.982
573, 268, 0.6125, 4, 2, .
.
634.982, 20.720137982, 10, 3, 239, 873.982, .
.
634.982
573, 252, 0.5452, 4, 7, .
.
634.982, 17.467111189, 10, 3, 239, 873.982, .
.
634.982
573, 164, 0.7290, 4, 8, .
.
634.982, 21.724761899, 10, 3, 239, 873.982, .
.
634.982
573, 221, 0.6884, 4, 12, .
.
634.982, 19.234395699, 10, 3, 239, 873.982, .
.
634.982
