Parameters: Seed, ID, RCL, PERT, IDSEQ, Cost, ExecutionTime, LongestRoute, ShortestRoute, TransportCost, Profit, ObjectiveFunction
---------------------------------------------------------------------------
129, 10, 0.5730, 1, 19, .
.
1240.12, 16.102450520, 10, 2, 173, 1413.12, .
.
1240.12
129, 91, 0.9668, 1, 18, .
.
1240.12, 21.658398421, 10, 2, 173, 1413.12, .
.
1240.12
129, 100, 0.8043, 3, 10, .
.
1240.12, 16.810898651, 10, 2, 173, 1413.12, .
.
1240.12
137, 10, 0.4002, 2, 8, .
.
1240.12, 16.757521098, 10, 2, 173, 1413.12, .
.
1240.12
137, 14, 0.9002, 2, 17, .
.
1240.12, 16.263515841, 10, 2, 173, 1413.12, .
.
1240.12
137, 30, 0.3752, 2, 12, .
.
1240.12, 17.260244268, 10, 2, 173, 1413.12, .
.
1240.12
279, 68, 0.9206, 1, 6, .
.
1240.12, 16.150814784, 10, 2, 173, 1413.12, .
.
1240.12
279, 86, 0.4956, 2, 20, .
.
1240.12, 16.125586725, 10, 2, 173, 1413.12, .
.
1240.12
279, 139, 0.3199, 1, 20, .
.
1240.12, 16.371259020, 10, 2, 173, 1413.12, .
.
1240.12
672, 13, 0.3527, 1, 12, .
.
1240.12, 16.041477420, 10, 2, 173, 1413.12, .
.
1240.12
672, 42, 0.8652, 1, 22, .
.
1240.12, 16.842672789, 10, 2, 173, 1413.12, .
.
1240.12
672, 155, 0.3425, 1, 12, .
.
1240.12, 16.803724171, 10, 2, 173, 1413.12, .
.
1240.12
195, 110, 0.9149, 1, 11, .
.
1240.12, 16.231718739, 10, 2, 173, 1413.12, .
.
1240.12
195, 143, 0.9124, 1, 11, .
.
1240.12, 16.126272872, 10, 2, 173, 1413.12, .
.
1240.12
195, 224, 0.9160, 1, 11, .
.
1240.12, 16.229991615, 10, 2, 173, 1413.12, .
.
1240.12
195, 112, 0.8769, 1, 8, .
.
1240.12, 16.051204998, 10, 2, 173, 1413.12, .
.
1240.12
666, 27, 0.8685, 1, 17, .
.
1240.12, 16.823583195, 10, 2, 173, 1413.12, .
.
1240.12
666, 208, 0.8681, 1, 17, .
.
1240.12, 16.855989691, 10, 2, 173, 1413.12, .
.
1240.12
666, 15, 0.8935, 3, 7, .
.
1240.12, 16.682913239, 10, 2, 173, 1413.12, .
.
1240.12
666, 21, 0.2185, 3, 10, .
.
1240.12, 16.666200678, 10, 2, 173, 1413.12, .
.
1240.12
429, 273, 0.2965, 1, 9, .
.
1240.12, 16.458932316, 10, 2, 173, 1413.12, .
.
1240.12
429, 275, 0.2957, 1, 9, .
.
1240.12, 16.842318671, 10, 2, 173, 1413.12, .
.
1240.12
429, 322, 0.2949, 1, 9, .
.
1240.12, 16.794970918, 10, 2, 173, 1413.12, .
.
1240.12
429, 78, 0.2376, 1, 8, .
.
1240.12, 16.271868996, 10, 2, 173, 1413.12, .
.
1240.12
429, 146, 0.2437, 1, 8, .
.
1240.12, 16.268431568, 10, 2, 173, 1413.12, .
.
1240.12
429, 177, 0.2382, 1, 8, .
.
1240.12, 16.267712188, 10, 2, 173, 1413.12, .
.
1240.12
762, 97, 0.7159, 1, 5, .
.
1240.12, 16.670808654, 10, 2, 173, 1413.12, .
.
1240.12
762, 150, 0.2573, 1, 10, .
.
1240.12, 17.017548884, 10, 2, 173, 1413.12, .
.
1240.12
762, 183, 0.6792, 1, 5, .
.
1240.12, 16.121047186, 10, 2, 173, 1413.12, .
.
1240.12
762, 113, 0.6686, 1, 5, .
.
1240.12, 16.118370050, 10, 2, 173, 1413.12, .
.
1240.12
762, 139, 0.7767, 1, 3, .
.
1240.12, 16.494539813, 10, 2, 173, 1413.12, .
.
1240.12
821, 182, 0.9580, 1, 2, .
.
1235.12, 16.205662926, 7, 2, 178, 1413.12, .
.
1235.12
821, 206, 0.9721, 1, 2, .
.
1235.12, 16.393313834, 7, 2, 178, 1413.12, .
.
1235.12
821, 219, 0.9515, 1, 2, .
.
1235.12, 16.393821394, 7, 2, 178, 1413.12, .
.
1235.12
821, 181, 0.9941, 1, 2, .
.
1235.12, 16.391946900, 7, 2, 178, 1413.12, .
.
1235.12
821, 233, 0.9803, 1, 2, .
.
1235.12, 16.395495982, 7, 2, 178, 1413.12, .
.
1235.12
821, 293, 0.9693, 1, 2, .
.
1235.12, 16.390165696, 7, 2, 178, 1413.12, .
.
1235.12
821, 13, 0.8337, 1, 1, .
.
1240.12, 16.229070113, 10, 2, 173, 1413.12, .
.
1240.12
821, 18, 0.9087, 1, 14, .
.
1240.12, 16.332798278, 10, 2, 173, 1413.12, .
.
1240.12
483, 134, 0.5942, 1, 14, .
.
1240.12, 16.585427079, 10, 2, 173, 1413.12, .
.
1240.12
483, 251, 0.5982, 1, 14, .
.
1240.12, 16.582960814, 10, 2, 173, 1413.12, .
.
1240.12
483, 169, 0.4578, 1, 9, .
.
1240.12, 16.581833006, 10, 2, 173, 1413.12, .
.
1240.12
483, 221, 0.5917, 1, 14, .
.
1240.12, 16.582856645, 10, 2, 173, 1413.12, .
.
1240.12
483, 186, 0.7495, 2, 5, .
.
1240.12, 16.335647362, 10, 2, 173, 1413.12, .
.
1240.12
999, 26, 0.7267, 1, 5, .
.
1240.12, 16.408384532, 10, 2, 173, 1413.12, .
.
1240.12
999, 200, 0.8588, 1, 3, .
.
1240.12, 17.822544667, 10, 2, 173, 1413.12, .
.
1240.12
999, 223, 0.7235, 1, 5, .
.
1240.12, 16.407438006, 10, 2, 173, 1413.12, .
.
1240.12
999, 19, 0.9767, 1, 10, .
.
1240.12, 17.236672544, 10, 2, 173, 1413.12, .
.
1240.12
729, 150, 0.3236, 1, 19, .
.
1240.12, 16.235824910, 10, 2, 173, 1413.12, .
.
1240.12
729, 163, 0.7827, 1, 8, .
.
1240.12, 16.506636647, 10, 2, 173, 1413.12, .
.
1240.12
729, 194, 0.8019, 1, 10, .
.
1240.12, 16.385972895, 10, 2, 173, 1413.12, .
.
1240.12
318, 277, 0.8817, 1, 1, .
.
1240.12, 16.680865872, 10, 2, 173, 1413.12, .
.
1240.12
318, 8, 0.9753, 1, 2, .
.
1240.12, 16.301216465, 10, 2, 173, 1413.12, .
.
1240.12
318, 21, 0.3003, 1, 3, .
.
1240.12, 16.189094237, 10, 2, 173, 1413.12, .
.
1240.12
318, 22, 0.7003, 3, 15, .
.
1240.12, 16.797536337, 10, 2, 173, 1413.12, .
.
1240.12
349, 190, 0.9125, 1, 8, .
.
1240.12, 16.810214110, 10, 2, 173, 1413.12, .
.
1240.12
349, 215, 0.9134, 1, 8, .
.
1240.12, 16.455441987, 10, 2, 173, 1413.12, .
.
1240.12
349, 273, 0.9101, 1, 8, .
.
1240.12, 16.753389345, 10, 2, 173, 1413.12, .
.
1240.12
349, 269, 0.9120, 1, 8, .
.
1240.12, 16.806304500, 10, 2, 173, 1413.12, .
.
1240.12
349, 272, 0.9100, 1, 8, .
.
1240.12, 16.764562241, 10, 2, 173, 1413.12, .
.
1240.12
349, 130, 0.8998, 1, 6, .
.
1240.12, 16.762748091, 10, 2, 173, 1413.12, .
.
1240.12
349, 162, 0.9170, 1, 8, .
.
1240.12, 16.791843183, 10, 2, 173, 1413.12, .
.
1240.12
287, 263, 0.5354, 2, 14, .
.
1240.12, 19.094997962, 10, 2, 173, 1413.12, .
.
1240.12
287, 1, 0.5167, 2, 8, .
.
1240.12, 16.747550618, 10, 2, 173, 1413.12, .
.
1240.12
287, 25, 0.4417, 2, 20, .
.
1240.12, 16.320076486, 10, 2, 173, 1413.12, .
.
1240.12
287, 27, 0.6417, 1, 14, .
.
1240.12, 16.636197086, 10, 2, 173, 1413.12, .
.
1240.12
241, 35, 0.2632, 1, 15, .
.
1240.12, 16.261520710, 10, 2, 173, 1413.12, .
.
1240.12
241, 60, 0.5382, 1, 11, .
.
1240.12, 16.149000853, 10, 2, 173, 1413.12, .
.
1240.12
241, 76, 0.7944, 1, 3, .
.
1240.12, 17.331475983, 10, 2, 173, 1413.12, .
.
1240.12
476, 208, 0.8766, 1, 7, .
.
1235.12, 16.292076360, 7, 2, 178, 1413.12, .
.
1235.12
476, 210, 0.8759, 1, 7, .
.
1235.12, 16.297238748, 7, 2, 178, 1413.12, .
.
1235.12
476, 221, 0.8667, 1, 7, .
.
1240.12, 16.254735991, 10, 2, 173, 1413.12, .
.
1240.12
476, 11, 0.3084, 3, 2, .
.
1240.12, 16.167937750, 10, 2, 173, 1413.12, .
.
1240.12
476, 30, 0.8834, 1, 7, .
.
1240.12, 17.115724935, 10, 2, 173, 1413.12, .
.
1240.12
476, 87, 0.8647, 4, 10, .
.
1240.12, 22.555912417, 10, 2, 173, 1413.12, .
.
1240.12
555, 28, 0.9761, 3, 9, .
.
1240.12, 17.053308761, 10, 2, 173, 1413.12, .
.
1240.12
555, 119, 0.2642, 1, 10, .
.
1240.12, 17.143442611, 10, 2, 173, 1413.12, .
.
1240.12
555, 224, 0.9936, 3, 9, .
.
1240.12, 17.036970610, 10, 2, 173, 1413.12, .
.
1240.12
555, 175, 0.4235, 1, 21, .
.
1240.12, 17.114228025, 10, 2, 173, 1413.12, .
.
1240.12
555, 23, 0.3261, 1, 17, .
.
1240.12, 16.858842455, 10, 2, 173, 1413.12, .
.
1240.12
581, 248, 0.3562, 1, 7, .
.
1240.12, 16.601298092, 10, 2, 173, 1413.12, .
.
1240.12
581, 29, 0.8022, 1, 4, .
.
1240.12, 16.343899739, 10, 2, 173, 1413.12, .
.
1240.12
581, 40, 0.3147, 1, 7, .
.
1240.12, 16.300042824, 10, 2, 173, 1413.12, .
.
1240.12
581, 72, 0.2960, 2, 18, .
.
1240.12, 16.313927559, 10, 2, 173, 1413.12, .
.
1240.12
573, 286, 0.5839, 2, 18, .
.
1240.12, 20.626378677, 10, 2, 173, 1413.12, .
.
1240.12
573, 12, 0.9084, 2, 12, .
.
1240.12, 16.378060205, 10, 2, 173, 1413.12, .
.
1240.12
573, 26, 0.5334, 2, 22, .
.
1240.12, 16.167915361, 10, 2, 173, 1413.12, .
.
1240.12
573, 34, 0.9959, 4, 15, .
.
1240.12, 17.715707925, 10, 2, 173, 1413.12, .
.
1240.12
